 -2. 2.350283560948447
 -1.99 2.34475056193769
 -1.98 2.339222675282508
 -1.97 2.3336999986320746
 -1.96 2.3281826308462774
 -1.95 2.3226706720888624
 -1.94 2.317164223780855
 -1.93 2.3116633885540065
 -1.92 2.3061682703206317
 -1.91 2.30067897439003
 -1.9 2.295195607235655
 -1.89 2.289718276867643
 -1.88 2.2842470924835663
 -1.8699999999999999 2.278782164724544
 -1.8599999999999999 2.2733236055821187
 -1.8499999999999999 2.267871528491378
 -1.8399999999999999 2.262426048330963
 -1.8299999999999998 2.2569872812833625
 -1.8199999999999998 2.2515553451608863
 -1.8099999999999998 2.246130359126255
 -1.7999999999999998 2.240712443972007
 -1.7899999999999998 2.235301721887664
 -1.7799999999999998 2.229898316599429
 -1.7699999999999998 2.224502353463323
 -1.7599999999999998 2.2191139593720437
 -1.7499999999999998 2.2137332628015427
 -1.7399999999999998 2.2083603938575838
 -1.7299999999999998 2.2029954842757435
 -1.7199999999999998 2.1976386674214163
 -1.7099999999999997 2.1922900783829395
 -1.6999999999999997 2.186949853925036
 -1.6899999999999997 2.1816181324888024
 -1.6799999999999997 2.176295054377989
 -1.6699999999999997 2.1709807614795866
 -1.6599999999999997 2.1656753975898035
 -1.6499999999999997 2.1603791083209227
 -1.6399999999999997 2.1550920410547416
 -1.6299999999999997 2.149814345035702
 -1.6199999999999997 2.1445461714174607
 -1.6099999999999997 2.1392876732163146
 -1.5999999999999996 2.1340390054043397
 -1.5899999999999996 2.128800324862824
 -1.5799999999999996 2.1235717904753995
 -1.5699999999999996 2.11835356312804
 -1.5599999999999996 2.113145805709065
 -1.5499999999999996 2.107948683109135
 -1.5399999999999996 2.102762362360955
 -1.5299999999999996 2.097587012592704
 -1.5199999999999996 2.092422805028038
 -1.5099999999999996 2.087269913032652
 -1.4999999999999996 2.082128512114287
 -1.4899999999999995 2.0769987800158574
 -1.4799999999999995 2.071880896762015
 -1.4699999999999995 2.066775044566022
 -1.4599999999999995 2.0616814078763133
 -1.4499999999999995 2.056600173609332
 -1.4399999999999995 2.051531530823559
 -1.4299999999999995 2.0464756710454832
 -1.4199999999999995 2.0414327881764622
 -1.4099999999999995 2.036403078585863
 -1.3999999999999995 2.031386740971358
 -1.3899999999999995 2.0263839765917524
 -1.3799999999999994 2.02139498917386
 -1.3699999999999994 2.0164199850521993
 -1.3599999999999994 2.011459172982723
 -1.3499999999999994 2.0065127643756577
 -1.3399999999999994 2.0015809732954954
 -1.3299999999999994 1.9966640164144347
 -1.3199999999999994 1.9917621131055068
 -1.3099999999999994 1.9868754853494477
 -1.2999999999999994 1.982004357967527
 -1.2899999999999994 1.9771489584818494
 -1.2799999999999994 1.9723095172084877
 -1.2699999999999994 1.9674862673506155
 -1.2599999999999993 1.9626794448122389
 -1.2499999999999993 1.9578892884776
 -1.2399999999999993 1.9531160401180394
 -1.2299999999999993 1.9483599444385629
 -1.2199999999999993 1.9436212490312763
 -1.2099999999999993 1.9389002045150852
 -1.1999999999999993 1.934197064489127
 -1.1899999999999993 1.929512085719035
 -1.1799999999999993 1.9248455278109766
 -1.1699999999999993 1.9201976536773153
 -1.1599999999999993 1.9155687291175134
 -1.1499999999999992 1.9109590233303613
 -1.1399999999999992 1.9063688083551837
 -1.1299999999999992 1.901798359770328
 -1.1199999999999992 1.8972479561343796
 -1.1099999999999992 1.8927178792655475
 -1.0999999999999992 1.88820841414854
 -1.0899999999999992 1.883719849307091
 -1.0799999999999992 1.879252476245166
 -1.0699999999999992 1.8748065900057558
 -1.0599999999999992 1.870382488798351
 -1.0499999999999992 1.8659804741851995
 -1.0399999999999991 1.8616008512675768
 -1.0299999999999991 1.8572439282201239
 -1.0199999999999991 1.8529100168496377
 -1.0099999999999991 1.8485994322225456
 -0.9999999999999991 1.8443124927580363
 -0.9899999999999991 1.8400495204143237
 -0.9799999999999991 1.8358108404092501
 -0.9699999999999991 1.831596781592817
 -0.9599999999999991 1.8274076759815223
 -0.9499999999999991 1.8232438591308897
 -0.9399999999999991 1.8191056699492045
 -0.929999999999999 1.8149934507906442
 -0.919999999999999 1.8109075474552818
 -0.909999999999999 1.806848308909685
 -0.899999999999999 1.8028160878457138
 -0.889999999999999 1.7988112399354583
 -0.879999999999999 1.794834124483169
 -0.869999999999999 1.7908851038664588
 -0.859999999999999 1.7869645439088353
 -0.849999999999999 1.7830728136003025
 -0.839999999999999 1.7792102852370602
 -0.829999999999999 1.7753773342352368
 -0.819999999999999 1.77157433917746
 -0.8099999999999989 1.767801681719721
 -0.7999999999999989 1.764059746731073
 -0.7899999999999989 1.7603489218279724
 -0.7799999999999989 1.7566695977002391
 -0.7699999999999989 1.7530221679247924
 -0.7599999999999989 1.7494070289656525
 -0.7499999999999989 1.7458245798014111
 -0.7399999999999989 1.7422752223908908
 -0.7299999999999989 1.738759361021221
 -0.7199999999999989 1.7352774025872357
 -0.7099999999999989 1.731829756405205
 -0.6999999999999988 1.728416833933443
 -0.6899999999999988 1.7250390491448346
 -0.6799999999999988 1.7216968178749088
 -0.6699999999999988 1.7183905579149727
 -0.6599999999999988 1.7151206891052433
 -0.6499999999999988 1.7118876326829202
 -0.6399999999999988 1.708691811840982
 -0.6299999999999988 1.705533651076258
 -0.6199999999999988 1.7024135760031642
 -0.6099999999999988 1.699332013726235
 -0.5999999999999988 1.6962893919087954
 -0.5899999999999987 1.6932861395180232
 -0.5799999999999987 1.6903226857073608
 -0.5699999999999987 1.6873994603753095
 -0.5599999999999987 1.6845168934203691
 -0.5499999999999987 1.6816754151135695
 -0.5399999999999987 1.6788754554465422
 -0.5299999999999987 1.676117443852127
 -0.5199999999999987 1.6734018095768999
 -0.5099999999999987 1.6707289807498462
 -0.49999999999999867 1.6680993845686323
 -0.48999999999999866 1.6655134470202038
 -0.47999999999999865 1.662971592601389
 -0.46999999999999864 1.6604742438532423
 -0.45999999999999863 1.658021821454168
 -0.4499999999999986 1.6556147437542679
 -0.4399999999999986 1.6532534265890724
 -0.4299999999999986 1.6509382827207453
 -0.4199999999999986 1.6486697220243518
 -0.4099999999999986 1.6464481509290638
 -0.3999999999999986 1.6442739720456307
 -0.38999999999999857 1.6421475840732465
 -0.37999999999999856 1.6400693815201528
 -0.36999999999999855 1.6380397539585836
 -0.35999999999999854 1.6360590862110265
 -0.34999999999999853 1.6341277580708269
 -0.3399999999999985 1.6322461433708677
 -0.3299999999999985 1.630414610542358
 -0.3199999999999985 1.6286335213109855
 -0.3099999999999985 1.6269032314419754
 -0.2999999999999985 1.6252240896224976
 -0.2899999999999985 1.6235964372754101
 -0.2799999999999985 1.6220206084661193
 -0.26999999999999846 1.6204969297163192
 -0.25999999999999845 1.61902571907267
 -0.24999999999999845 1.6176072865724567
 -0.23999999999999844 1.6162419331260027
 -0.22999999999999843 1.614929950982333
 -0.21999999999999842 1.6136716229841117
 -0.2099999999999984 1.6124672221951197
 -0.1999999999999984 1.6113170119933788
 -0.1899999999999984 1.6102212455123666
 -0.17999999999999838 1.609180165547878
 -0.16999999999999837 1.6081940039061018
 -0.15999999999999837 1.607262981589884
 -0.14999999999999836 1.6063873084262021
 -0.13999999999999835 1.6055671827867635
 -0.12999999999999834 1.60480279121548
 -0.11999999999999834 1.604094308614731
 -0.10999999999999835 1.603441897407175
 -0.09999999999999835 1.6028457080945377
 -0.08999999999999836 1.6023058786056943
 -0.07999999999999836 1.6018225341103975
 -0.06999999999999837 1.6013957871124151
 -0.05999999999999837 1.6010257372632628
 -0.049999999999998365 1.6007124710828071
 -0.03999999999999836 1.6004560619592672
 -0.02999999999999836 1.6002565700560814
 -0.01999999999999836 1.6001140423119076
 -0.00999999999999836 1.6000285122543576
 1.6410484082740595E-15 1.6000000000000005
 0.010000000000001641 1.6000285122543576
 0.02000000000000164 1.6001140423119076
 0.030000000000001643 1.6002565700560814
 0.040000000000001645 1.6004560619592672
 0.05000000000000165 1.6007124710828071
 0.06000000000000165 1.6010257372632628
 0.07000000000000164 1.6013957871124151
 0.08000000000000164 1.6018225341103975
 0.09000000000000163 1.6023058786056943
 0.10000000000000163 1.6028457080945377
 0.11000000000000162 1.603441897407175
 0.12000000000000162 1.604094308614731
 0.13000000000000161 1.60480279121548
 0.14000000000000162 1.6055671827867635
 0.15000000000000163 1.6063873084262021
 0.16000000000000164 1.607262981589884
 0.17000000000000165 1.6081940039061018
 0.18000000000000166 1.609180165547878
 0.19000000000000167 1.6102212455123666
 0.20000000000000168 1.6113170119933788
 0.21000000000000169 1.6124672221951197
 0.2200000000000017 1.6136716229841117
 0.2300000000000017 1.614929950982333
 0.2400000000000017 1.6162419331260027
 0.2500000000000017 1.6176072865724567
 0.26000000000000173 1.61902571907267
 0.27000000000000174 1.6204969297163192
 0.28000000000000175 1.6220206084661193
 0.29000000000000176 1.6235964372754101
 0.30000000000000177 1.6252240896224976
 0.3100000000000018 1.6269032314419754
 0.3200000000000018 1.6286335213109855
 0.3300000000000018 1.630414610542358
 0.3400000000000018 1.6322461433708677
 0.3500000000000018 1.6341277580708269
 0.3600000000000018 1.6360590862110265
 0.3700000000000018 1.6380397539585836
 0.38000000000000184 1.6400693815201528
 0.39000000000000185 1.6421475840732465
 0.40000000000000185 1.6442739720456307
 0.41000000000000186 1.6464481509290638
 0.42000000000000187 1.6486697220243518
 0.4300000000000019 1.6509382827207453
 0.4400000000000019 1.6532534265890724
 0.4500000000000019 1.6556147437542679
 0.4600000000000019 1.658021821454168
 0.4700000000000019 1.6604742438532423
 0.4800000000000019 1.662971592601389
 0.49000000000000193 1.6655134470202038
 0.5000000000000019 1.6680993845686323
 0.5100000000000019 1.6707289807498462
 0.5200000000000019 1.6734018095768999
 0.5300000000000019 1.676117443852127
 0.5400000000000019 1.6788754554465422
 0.5500000000000019 1.6816754151135695
 0.5600000000000019 1.6845168934203691
 0.570000000000002 1.6873994603753095
 0.580000000000002 1.6903226857073608
 0.590000000000002 1.6932861395180232
 0.600000000000002 1.6962893919087954
 0.610000000000002 1.699332013726235
 0.620000000000002 1.7024135760031642
 0.630000000000002 1.705533651076258
 0.640000000000002 1.708691811840982
 0.650000000000002 1.7118876326829202
 0.660000000000002 1.7151206891052433
 0.670000000000002 1.7183905579149727
 0.680000000000002 1.7216968178749088
 0.6900000000000021 1.7250390491448346
 0.7000000000000021 1.728416833933443
 0.7100000000000021 1.731829756405205
 0.7200000000000021 1.7352774025872357
 0.7300000000000021 1.738759361021221
 0.7400000000000021 1.7422752223908908
 0.7500000000000021 1.7458245798014111
 0.7600000000000021 1.7494070289656525
 0.7700000000000021 1.7530221679247924
 0.7800000000000021 1.7566695977002391
 0.7900000000000021 1.7603489218279724
 0.8000000000000022 1.764059746731073
 0.8100000000000022 1.767801681719721
 0.8200000000000022 1.77157433917746
 0.8300000000000022 1.7753773342352368
 0.8400000000000022 1.7792102852370602
 0.8500000000000022 1.7830728136003025
 0.8600000000000022 1.7869645439088353
 0.8700000000000022 1.7908851038664588
 0.8800000000000022 1.794834124483169
 0.8900000000000022 1.7988112399354583
 0.9000000000000022 1.8028160878457138
 0.9100000000000023 1.806848308909685
 0.9200000000000023 1.8109075474552818
 0.9300000000000023 1.8149934507906442
 0.9400000000000023 1.8191056699492045
 0.9500000000000023 1.8232438591308897
 0.9600000000000023 1.8274076759815223
 0.9700000000000023 1.831596781592817
 0.9800000000000023 1.8358108404092501
 0.9900000000000023 1.8400495204143237
 1.0000000000000022 1.8443124927580363
 1.0100000000000022 1.8485994322225456
 1.0200000000000022 1.8529100168496377
 1.0300000000000022 1.8572439282201239
 1.0400000000000023 1.8616008512675768
 1.0500000000000023 1.8659804741851995
 1.0600000000000023 1.870382488798351
 1.0700000000000023 1.8748065900057558
 1.0800000000000023 1.879252476245166
 1.0900000000000023 1.883719849307091
 1.1000000000000023 1.88820841414854
 1.1100000000000023 1.8927178792655475
 1.1200000000000023 1.8972479561343796
 1.1300000000000023 1.901798359770328
 1.1400000000000023 1.9063688083551837
 1.1500000000000024 1.9109590233303613
 1.1600000000000024 1.9155687291175134
 1.1700000000000024 1.9201976536773153
 1.1800000000000024 1.9248455278109766
 1.1900000000000024 1.929512085719035
 1.2000000000000024 1.934197064489127
 1.2100000000000024 1.9389002045150852
 1.2200000000000024 1.9436212490312763
 1.2300000000000024 1.9483599444385629
 1.2400000000000024 1.9531160401180394
 1.2500000000000024 1.9578892884776
 1.2600000000000025 1.9626794448122389
 1.2700000000000025 1.9674862673506155
 1.2800000000000025 1.9723095172084877
 1.2900000000000025 1.9771489584818494
 1.3000000000000025 1.982004357967527
 1.3100000000000025 1.9868754853494477
 1.3200000000000025 1.9917621131055068
 1.3300000000000025 1.9966640164144347
 1.3400000000000025 2.0015809732954954
 1.3500000000000025 2.0065127643756577
 1.3600000000000025 2.011459172982723
 1.3700000000000025 2.0164199850521993
 1.3800000000000026 2.02139498917386
 1.3900000000000026 2.0263839765917524
 1.4000000000000026 2.031386740971358
 1.4100000000000026 2.036403078585863
 1.4200000000000026 2.0414327881764622
 1.4300000000000026 2.0464756710454832
 1.4400000000000026 2.051531530823559
 1.4500000000000026 2.056600173609332
 1.4600000000000026 2.0616814078763133
 1.4700000000000026 2.066775044566022
 1.4800000000000026 2.071880896762015
 1.4900000000000027 2.0769987800158574
 1.5000000000000027 2.082128512114287
 1.5100000000000027 2.087269913032652
 1.5200000000000027 2.092422805028038
 1.5300000000000027 2.097587012592704
 1.5400000000000027 2.102762362360955
 1.5500000000000027 2.107948683109135
 1.5600000000000027 2.113145805709065
 1.5700000000000027 2.11835356312804
 1.5800000000000027 2.1235717904753995
 1.5900000000000027 2.128800324862824
 1.6000000000000028 2.1340390054043397
 1.6100000000000028 2.1392876732163146
 1.6200000000000028 2.1445461714174607
 1.6300000000000028 2.149814345035702
 1.6400000000000028 2.1550920410547416
 1.6500000000000028 2.1603791083209227
 1.6600000000000028 2.1656753975898035
 1.6700000000000028 2.1709807614795866
 1.6800000000000028 2.176295054377989
 1.6900000000000028 2.1816181324888024
 1.7000000000000028 2.186949853925036
 1.7100000000000029 2.1922900783829395
 1.7200000000000029 2.1976386674214163
 1.7300000000000029 2.2029954842757435
 1.7400000000000029 2.2083603938575838
 1.7500000000000029 2.2137332628015427
 1.760000000000003 2.2191139593720437
 1.770000000000003 2.224502353463323
 1.780000000000003 2.229898316599429
 1.790000000000003 2.235301721887664
 1.800000000000003 2.240712443972007
 1.810000000000003 2.246130359126255
 1.820000000000003 2.2515553451608863
 1.830000000000003 2.2569872812833625
 1.840000000000003 2.262426048330963
 1.850000000000003 2.267871528491378
 1.860000000000003 2.2733236055821187
 1.870000000000003 2.278782164724544
 1.880000000000003 2.2842470924835663
 1.890000000000003 2.289718276867643
 1.900000000000003 2.295195607235655
 1.910000000000003 2.30067897439003
 1.920000000000003 2.3061682703206317
 1.930000000000003 2.3116633885540065
 1.940000000000003 2.317164223780855
 1.950000000000003 2.3226706720888624
 1.960000000000003 2.3281826308462774
 1.970000000000003 2.3336999986320746
 1.980000000000003 2.339222675282508
 1.990000000000003 2.34475056193769
 2.000000000000003 2.350283560948447
