 -2. 2.067755473125727
 -1.99 2.062014616373927
 -1.98 2.0562740365043295
 -1.97 2.0505337721202537
 -1.96 2.044793862150983
 -1.95 2.039054345944897
 -1.94 2.0333152632229043
 -1.93 2.027576654125006
 -1.92 2.0218385591171684
 -1.91 2.0161010190378885
 -1.9 2.01036407519132
 -1.89 2.0046277692541494
 -1.88 1.9988921432290236
 -1.8699999999999999 1.993157239537687
 -1.8599999999999999 1.9874231010675438
 -1.8499999999999999 1.9816897710785282
 -1.8399999999999999 1.975957293109969
 -1.8299999999999998 1.970225711259992
 -1.8199999999999998 1.9644950699061159
 -1.8099999999999998 1.9587654138915251
 -1.7999999999999998 1.9530367885250606
 -1.7899999999999998 1.9473092393949634
 -1.7799999999999998 1.9415828125551353
 -1.7699999999999998 1.935857554432006
 -1.7599999999999998 1.9301335119176668
 -1.7499999999999998 1.9244107322767385
 -1.7399999999999998 1.9186892632395032
 -1.7299999999999998 1.9129691528156403
 -1.7199999999999998 1.907250449620188
 -1.7099999999999997 1.901533202547581
 -1.6999999999999997 1.895817460864783
 -1.6899999999999997 1.8901032743975528
 -1.6799999999999997 1.8843906933441765
 -1.6699999999999997 1.8786797681823382
 -1.6599999999999997 1.8729705499950806
 -1.6499999999999997 1.8672630901914096
 -1.6399999999999997 1.8615574406459936
 -1.6299999999999997 1.8558536535594616
 -1.6199999999999997 1.8501517816446733
 -1.6099999999999997 1.8444518780335792
 -1.5999999999999996 1.8387539962306625
 -1.5899999999999996 1.8330581901129341
 -1.5799999999999996 1.8273645141161983
 -1.5699999999999996 1.8216730229556566
 -1.5599999999999996 1.815983771998436
 -1.5499999999999996 1.8102968166582292
 -1.5399999999999996 1.8046122130937885
 -1.5299999999999996 1.7989300176501284
 -1.5199999999999996 1.7932502874173228
 -1.5099999999999996 1.7875730795785796
 -1.4999999999999996 1.7818984517827638
 -1.4899999999999995 1.7762264622375377
 -1.4799999999999995 1.770557169569657
 -1.4699999999999995 1.7648906326852747
 -1.4599999999999995 1.759226910863072
 -1.4499999999999995 1.7535660641267905
 -1.4399999999999995 1.7479081524536022
 -1.4299999999999995 1.742253236658872
 -1.4199999999999995 1.7366013777442277
 -1.4099999999999995 1.7309526370838293
 -1.3999999999999995 1.7253070765174932
 -1.3899999999999995 1.719664758443833
 -1.3799999999999994 1.7140257454477257
 -1.3699999999999994 1.7083901005797095
 -1.3599999999999994 1.702757887355984
 -1.3499999999999994 1.6971291696652777
 -1.3399999999999994 1.691504011675716
 -1.3299999999999994 1.6858824782073503
 -1.3199999999999994 1.6802646341733642
 -1.3099999999999994 1.6746505451388658
 -1.2999999999999994 1.6690402769483637
 -1.2899999999999994 1.6634338957257575
 -1.2799999999999994 1.6578314681537458
 -1.2699999999999994 1.6522330611944203
 -1.2599999999999993 1.6466387421824042
 -1.2499999999999993 1.6410485789179807
 -1.2399999999999993 1.6354626395739622
 -1.2299999999999993 1.6298809925094258
 -1.2199999999999993 1.6243037065491084
 -1.2099999999999993 1.6187308510765435
 -1.1999999999999993 1.6131624955683952
 -1.1899999999999993 1.6075987098738558
 -1.1799999999999993 1.6020395642146472
 -1.1699999999999993 1.596485129371286
 -1.1599999999999993 1.590935476310552
 -1.1499999999999992 1.5853906761854888
 -1.1399999999999992 1.579850800614805
 -1.1299999999999992 1.574315921682865
 -1.1199999999999992 1.56878611156717
 -1.1099999999999992 1.5632614429108802
 -1.0999999999999992 1.5577419886365536
 -1.0899999999999992 1.5522278219461445
 -1.0799999999999992 1.5467190163210038
 -1.0699999999999992 1.541215645615012
 -1.0599999999999992 1.5357177839614455
 -1.0499999999999992 1.5302255057729788
 -1.0399999999999991 1.524738885648549
 -1.0299999999999991 1.5192579986527568
 -1.0199999999999991 1.5137829200364652
 -1.0099999999999991 1.5083137251436716
 -0.9999999999999991 1.502850489877165
 -0.9899999999999991 1.4973932901397349
 -0.9799999999999991 1.4919422022998337
 -0.9699999999999991 1.4864973027259119
 -0.9599999999999991 1.481058668158949
 -0.9499999999999991 1.4756263755261902
 -0.9399999999999991 1.4702005019411448
 -0.929999999999999 1.464781124982983
 -0.919999999999999 1.459368322044611
 -0.909999999999999 1.453962170891464
 -0.899999999999999 1.4485627496615054
 -0.889999999999999 1.4431701362133031
 -0.879999999999999 1.4377844089642173
 -0.869999999999999 1.4324056465178732
 -0.859999999999999 1.4270339274778963
 -0.849999999999999 1.4216693304479122
 -0.839999999999999 1.4163119344040753
 -0.829999999999999 1.410961818508804
 -0.819999999999999 1.4056190617382531
 -0.8099999999999989 1.4002837436273696
 -0.7999999999999989 1.3949559433385732
 -0.7899999999999989 1.3896357404068114
 -0.7799999999999989 1.384323214553297
 -0.7699999999999989 1.3790184451267125
 -0.7599999999999989 1.3737215122208004
 -0.7499999999999989 1.3684324953705072
 -0.7399999999999989 1.3631514744833109
 -0.7299999999999989 1.3578785294666886
 -0.7199999999999989 1.3526137400418525
 -0.7099999999999989 1.3473571863025429
 -0.6999999999999988 1.3421089481562385
 -0.6899999999999988 1.3368691053241495
 -0.6799999999999988 1.331637737900019
 -0.6699999999999988 1.3264149259775873
 -0.6599999999999988 1.321200749091804
 -0.6499999999999988 1.3159952871501448
 -0.6399999999999988 1.3107986200600865
 -0.6299999999999988 1.3056108273565772
 -0.6199999999999988 1.3004319889470934
 -0.6099999999999988 1.2952621839940552
 -0.5999999999999988 1.2901014924049383
 -0.5899999999999987 1.2849499933421613
 -0.5799999999999987 1.27980776578188
 -0.5699999999999987 1.2746748892590403
 -0.5599999999999987 1.2695514425635341
 -0.5499999999999987 1.2644375044852496
 -0.5399999999999987 1.2593331538140773
 -0.5299999999999987 1.2542384687811134
 -0.5199999999999987 1.249153527989984
 -0.5099999999999987 1.2440784096717836
 -0.49999999999999867 1.2390131913125515
 -0.48999999999999866 1.2339579507708551
 -0.47999999999999865 1.2289127655327319
 -0.46999999999999864 1.223877713084221
 -0.45999999999999863 1.2188528701663017
 -0.4499999999999986 1.2138383131474262
 -0.4399999999999986 1.2088341187685727
 -0.4299999999999986 1.2038403633981947
 -0.4199999999999986 1.1988571226596836
 -0.4099999999999986 1.1938844721764328
 -0.3999999999999986 1.1889224871993065
 -0.38999999999999857 1.183971242234111
 -0.37999999999999856 1.1790308121591808
 -0.36999999999999855 1.174101271107793
 -0.35999999999999854 1.1691826928406952
 -0.34999999999999853 1.1642751507461073
 -0.3399999999999985 1.1593787178397181
 -0.3299999999999985 1.1544934671372173
 -0.3199999999999985 1.149619470536709
 -0.3099999999999985 1.144756799563766
 -0.2999999999999985 1.1399055261164905
 -0.2899999999999985 1.1350657209753994
 -0.2799999999999985 1.1302374541759495
 -0.26999999999999846 1.1254207961261276
 -0.25999999999999845 1.1206158161163333
 -0.24999999999999845 1.115822582691908
 -0.23999999999999844 1.111041165888309
 -0.22999999999999843 1.1062716320157056
 -0.21999999999999842 1.1015140488743782
 -0.2099999999999984 1.0967684842646117
 -0.1999999999999984 1.0920350037515165
 -0.1899999999999984 1.0873136736452582
 -0.17999999999999838 1.0826045587658881
 -0.16999999999999837 1.0779077231884
 -0.15999999999999837 1.0732232324779034
 -0.14999999999999836 1.0685511484742167
 -0.13999999999999835 1.0638915359973904
 -0.12999999999999834 1.059244455397129
 -0.11999999999999834 1.0546099692583086
 -0.10999999999999835 1.0499881386756895
 -0.09999999999999835 1.0453790217638015
 -0.08999999999999836 1.0407826811075214
 -0.07999999999999836 1.0361991763114933
 -0.06999999999999837 1.0316285610198974
 -0.05999999999999837 1.0270708978176115
 -0.049999999999998365 1.022526240348816
 -0.03999999999999836 1.0179946482181546
 -0.02999999999999836 1.0134761691093443
 -0.01999999999999836 1.0089708685874939
 -0.00999999999999836 1.0044787883758544
 1.6410484082740595E-15 1.0000000000000002
 0.010000000000001641 0.9955345392227176
 0.02000000000000164 0.9910824656486514
 0.030000000000001643 0.9866438269615176
 0.040000000000001645 0.9822186708450319
 0.05000000000000165 0.977807053923607
 0.06000000000000165 0.9734090209007265
 0.07000000000000164 0.9690246209502221
 0.08000000000000164 0.964653900265694
 0.09000000000000163 0.9602969050407411
 0.10000000000000163 0.9559536814689638
 0.11000000000000162 0.9516242742538455
 0.12000000000000162 0.9473087266087534
 0.13000000000000161 0.9430070817470552
 0.14000000000000162 0.9387193828821185
 0.15000000000000163 0.9344456687569621
 0.16000000000000164 0.9301859825849534
 0.17000000000000165 0.9259403631091121
 0.18000000000000166 0.9217088483273985
 0.19000000000000167 0.917491476982832
 0.20000000000000168 0.9132882863283156
 0.21000000000000169 0.9090993121266366
 0.2200000000000017 0.9049245893955232
 0.2300000000000017 0.9007641531527042
 0.2400000000000017 0.8966180369257926
 0.2500000000000017 0.8924862734973431
 0.26000000000000173 0.888368894159794
 0.27000000000000174 0.8842659298330547
 0.28000000000000175 0.8801774110645056
 0.29000000000000176 0.8761033669114114
 0.30000000000000177 0.8720438249409201
 0.3100000000000018 0.8679988130927088
 0.3200000000000018 0.8639683581888675
 0.3300000000000018 0.8599524848163127
 0.3400000000000018 0.8559512175619604
 0.3500000000000018 0.8519645813852549
 0.3600000000000018 0.8479925982654095
 0.3700000000000018 0.8440352898091079
 0.38000000000000184 0.8400926776230337
 0.39000000000000185 0.8361647814512254
 0.40000000000000185 0.8322516210377215
 0.41000000000000186 0.8283532138913869
 0.42000000000000187 0.8244695778936147
 0.4300000000000019 0.8206007294356823
 0.4400000000000019 0.8167466845363381
 0.4500000000000019 0.8129074569791556
 0.4600000000000019 0.8090830612927674
 0.4700000000000019 0.8052735101431607
 0.4800000000000019 0.8014788150787355
 0.49000000000000193 0.79769898802042
 0.5000000000000019 0.7939340386539696
 0.5100000000000019 0.7901839762926104
 0.5200000000000019 0.78644880913198
 0.5300000000000019 0.7827285453677177
 0.5400000000000019 0.7790231909602879
 0.5500000000000019 0.7753327522426844
 0.5600000000000019 0.771657233685255
 0.570000000000002 0.7679966393858195
 0.580000000000002 0.7643509726971387
 0.590000000000002 0.7607202358543872
 0.600000000000002 0.757104429975152
 0.610000000000002 0.7535035558044911
 0.620000000000002 0.7499176133424041
 0.630000000000002 0.7463466007262469
 0.640000000000002 0.7427905168384313
 0.650000000000002 0.7392493579536675
 0.660000000000002 0.7357231210917236
 0.670000000000002 0.7322118014097214
 0.680000000000002 0.7287153938785194
 0.6900000000000021 0.7252338919788598
 0.7000000000000021 0.72176728900522
 0.7100000000000021 0.71831557713449
 0.7200000000000021 0.7148787476122378
 0.7300000000000021 0.7114567913115024
 0.7400000000000021 0.7080496981739999
 0.7500000000000021 0.7046574570238588
 0.7600000000000021 0.7012800561264156
 0.7700000000000021 0.6979174830019474
 0.7800000000000021 0.694569724611938
 0.7900000000000021 0.6912367668002842
 0.8000000000000022 0.6879185946658253
 0.8100000000000022 0.6846151929348707
 0.8200000000000022 0.681326545216143
 0.8300000000000022 0.6780526345595717
 0.8400000000000022 0.674793443083763
 0.8500000000000022 0.671548952907324
 0.8600000000000022 0.6683191440999507
 0.8700000000000022 0.6651039976626634
 0.8800000000000022 0.661903492361307
 0.8900000000000022 0.6587176075205206
 0.9000000000000022 0.6555463209748268
 0.9100000000000023 0.6523896099999547
 0.9200000000000023 0.6492474518716336
 0.9300000000000023 0.6461198221892117
 0.9400000000000023 0.6430066967383026
 0.9500000000000023 0.6399080503731965
 0.9600000000000023 0.6368238570168614
 0.9700000000000023 0.6337540904060006
 0.9800000000000023 0.6306987237185239
 0.9900000000000023 0.627657729014754
 1.0000000000000022 0.6246310779824853
 1.0100000000000022 0.6216187421232461
 1.0200000000000022 0.6186206918209791
 1.0300000000000022 0.6156368972733615
 1.0400000000000023 0.6126673275604841
 1.0500000000000023 0.609711951948702
 1.0600000000000023 0.6067707385867832
 1.0700000000000023 0.6038436552509665
 1.0800000000000023 0.6009306693449616
 1.0900000000000023 0.5980317475274206
 1.1000000000000023 0.5951468558982016
 1.1100000000000023 0.5922759605571626
 1.1200000000000023 0.5894190264865755
 1.1300000000000023 0.5865760184824464
 1.1400000000000023 0.5837469007819892
 1.1500000000000024 0.5809316370636225
 1.1600000000000024 0.5781301910057666
 1.1700000000000024 0.5753425250761209
 1.1800000000000024 0.5725686019286511
 1.1900000000000024 0.5698083834722638
 1.2000000000000024 0.5670618314296006
 1.2100000000000024 0.5643289066851138
 1.2200000000000024 0.5616095701232555
 1.2300000000000024 0.558903782069683
 1.2400000000000024 0.5562115024775267
 1.2500000000000024 0.5535326907411218
 1.2600000000000025 0.5508673060685398
 1.2700000000000025 0.5482153074815868
 1.2800000000000025 0.5455766530707478
 1.2900000000000025 0.542951301112771
 1.3000000000000025 0.5403392093256116
 1.3100000000000025 0.5377403348684309
 1.3200000000000025 0.53515463527292
 1.3300000000000025 0.5325820667669177
 1.3400000000000025 0.530022586137056
 1.3500000000000025 0.5274761494249106
 1.3600000000000025 0.5249427122995256
 1.3700000000000025 0.5224222304299473
 1.3800000000000026 0.519914659112692
 1.3900000000000026 0.5174199532717466
 1.4000000000000026 0.51493806745857
 1.4100000000000026 0.5124689564108847
 1.4200000000000026 0.5100125741213558
 1.4300000000000026 0.5075688746757807
 1.4400000000000026 0.5051378116942944
 1.4500000000000026 0.5027193387970328
 1.4600000000000026 0.5003134090453385
 1.4700000000000026 0.49791997577995056
 1.4800000000000026 0.4955389915965498
 1.4900000000000027 0.49317040927708145
 1.5000000000000027 0.4908141813240945
 1.5100000000000027 0.48847025986760856
 1.5200000000000027 0.4861385971307754
 1.5300000000000027 0.48381914505735035
 1.5400000000000027 0.48151185531169166
 1.5500000000000027 0.47921667955815783
 1.5600000000000027 0.4769335692748429
 1.5700000000000027 0.4746624756604432
 1.5800000000000027 0.47240334991365673
 1.5900000000000027 0.4701561432331801
 1.6000000000000028 0.46792080644518136
 1.6100000000000028 0.46569729018956424
 1.6200000000000028 0.4634855453856289
 1.6300000000000028 0.4612855225801467
 1.6400000000000028 0.4590971721336246
 1.6500000000000028 0.45692044449970126
 1.6600000000000028 0.4547552899457513
 1.6700000000000028 0.4526016587391495
 1.6800000000000028 0.4504595011472701
 1.6900000000000028 0.4483287669718265
 1.7000000000000028 0.44620940638706075
 1.7100000000000029 0.4441013692878185
 1.7200000000000029 0.44200460566207755
 1.7300000000000029 0.439919065311551
 1.7400000000000029 0.4378446980379521
 1.7500000000000029 0.43578145354986186
 1.760000000000003 0.43372928174212566
 1.770000000000003 0.4316881322301923
 1.780000000000003 0.42965795472264284
 1.790000000000003 0.4276386988349258
 1.800000000000003 0.42563031436875465
 1.810000000000003 0.42363275093957775
 1.820000000000003 0.4216459581628441
 1.830000000000003 0.41966988565400254
 1.840000000000003 0.4177044832147657
 1.850000000000003 0.415749700460583
 1.860000000000003 0.41380548710003495
 1.870000000000003 0.41187179293483483
 1.880000000000003 0.40994856758043163
 1.890000000000003 0.40803576083853843
 1.900000000000003 0.40613332260400054
 1.910000000000003 0.40424120267853136
 1.920000000000003 0.40235935095697634
 1.930000000000003 0.40048771742731337
 1.940000000000003 0.3986262519843877
 1.950000000000003 0.3967749048024416
 1.960000000000003 0.39493362586945313
 1.970000000000003 0.3931023654527963
 1.980000000000003 0.3912810737267137
 1.990000000000003 0.38946970105171197
 2.000000000000003 0.3876681976951658
