 -2. 0.2804134022910148
 -1.99 0.281586862821132
 -1.98 0.28276482583023616
 -1.97 0.2839472805149854
 -1.96 0.285134215373546
 -1.95 0.28632561801932754
 -1.94 0.2875214754603804
 -1.93 0.28872177386656417
 -1.92 0.28992649847641583
 -1.91 0.2911356339231133
 -1.9 0.29234916381537923
 -1.89 0.29356707101687796
 -1.88 0.2947893374599516
 -1.8699999999999999 0.2960159442853182
 -1.8599999999999999 0.2972468716092409
 -1.8499999999999999 0.2984820987097919
 -1.8399999999999999 0.2997216038405896
 -1.8299999999999998 0.30096536446362737
 -1.8199999999999998 0.30221335692331186
 -1.8099999999999998 0.3034655565861612
 -1.7999999999999998 0.3047219378873706
 -1.7899999999999998 0.30598247409798207
 -1.7799999999999998 0.3072471376042813
 -1.7699999999999998 0.3085158996284007
 -1.7599999999999998 0.30978873027488585
 -1.7499999999999998 0.311065598577261
 -1.7399999999999998 0.3123464725911617
 -1.7299999999999998 0.3136313188821077
 -1.7199999999999998 0.3149201032239944
 -1.7099999999999997 0.31621278994716706
 -1.6999999999999997 0.317509342264384
 -1.6899999999999997 0.3188097221776843
 -1.6799999999999997 0.32011389043182137
 -1.6699999999999997 0.3214218065142631
 -1.6599999999999997 0.3227334284689277
 -1.6499999999999997 0.32404871326871215
 -1.6399999999999997 0.3253676163963972
 -1.6299999999999997 0.3266900920309126
 -1.6199999999999997 0.32801609290763734
 -1.6099999999999997 0.329345570411533
 -1.5999999999999996 0.3306784746237098
 -1.5899999999999996 0.33201475390233093
 -1.5799999999999996 0.33335435539484026
 -1.5699999999999996 0.3346972245723009
 -1.5599999999999996 0.3360433055087924
 -1.5499999999999996 0.337392540741712
 -1.5399999999999996 0.3387448711320758
 -1.5299999999999996 0.3401002361439168
 -1.5199999999999996 0.34145857337862245
 -1.5099999999999996 0.34281981904059644
 -1.4999999999999996 0.3441839076578617
 -1.4899999999999995 0.3455507718026638
 -1.4799999999999995 0.3469203427899629
 -1.4699999999999995 0.3482925498858094
 -1.4599999999999995 0.349667320586741
 -1.4499999999999995 0.35104458089917906
 -1.4399999999999995 0.35242425473406913
 -1.4299999999999995 0.3538062644191087
 -1.4199999999999995 0.3551905302330851
 -1.4099999999999995 0.35657697077840556
 -1.3999999999999995 0.3579655025620014
 -1.3899999999999995 0.35935604032129065
 -1.3799999999999994 0.36074849693104627
 -1.3699999999999994 0.36214278303086755
 -1.3599999999999994 0.3635388074442744
 -1.3499999999999994 0.36493647713214145
 -1.3399999999999994 0.36633569682016975
 -1.3299999999999994 0.3677363692782819
 -1.3199999999999994 0.3691383950412273
 -1.3099999999999994 0.3705416727345437
 -1.2999999999999994 0.37194609884172675
 -1.2899999999999994 0.3733515677042306
 -1.2799999999999994 0.3747579713352025
 -1.2699999999999994 0.37616519983857877
 -1.2599999999999993 0.37757314098998895
 -1.2499999999999993 0.37898168023675693
 -1.2399999999999993 0.38039070097729555
 -1.2299999999999993 0.38180008418858047
 -1.2199999999999993 0.3832097087986768
 -1.2099999999999993 0.3846194511279465
 -1.1999999999999993 0.3860291854478419
 -1.1899999999999993 0.38743878351524474
 -1.1799999999999993 0.38884811494499444
 -1.1699999999999993 0.39025704674422745
 -1.1599999999999993 0.3916654438711703
 -1.1499999999999992 0.3930731685832142
 -1.1399999999999992 0.39448008090257647
 -1.1299999999999992 0.39588603843003517
 -1.1199999999999992 0.3972908962517977
 -1.1099999999999992 0.39869450712576504
 -1.0999999999999992 0.40009672148153186
 -1.0899999999999992 0.4014973869547247
 -1.0799999999999992 0.4028963490389287
 -1.0699999999999992 0.4042934506200254
 -1.0599999999999992 0.40568853225558993
 -1.0499999999999992 0.4070814318023622
 -1.0399999999999991 0.40847198488190783
 -1.0299999999999991 0.4098600246012211
 -1.0199999999999991 0.41124538145959366
 -1.0099999999999991 0.412627883721143
 -0.9999999999999991 0.4140073568560183
 -0.9899999999999991 0.41538362428545944
 -0.9799999999999991 0.41675650672987097
 -0.9699999999999991 0.4181258224882185
 -0.9599999999999991 0.4194913875311612
 -0.9499999999999991 0.42085301531478747
 -0.9399999999999991 0.42221051696687933
 -0.929999999999999 0.4235637012869119
 -0.919999999999999 0.4249123745597898
 -0.909999999999999 0.42625634083524355
 -0.899999999999999 0.42759540183469646
 -0.889999999999999 0.42892935704439866
 -0.879999999999999 0.4302580035291611
 -0.869999999999999 0.43158113621175276
 -0.859999999999999 0.4328985479660331
 -0.849999999999999 0.4342100292444229
 -0.839999999999999 0.43551536845043304
 -0.829999999999999 0.4368143520317971
 -0.819999999999999 0.4381067642942071
 -0.8099999999999989 0.43939238749444476
 -0.7999999999999989 0.4406710020266472
 -0.7899999999999989 0.4419423864223062
 -0.7799999999999989 0.4432063171640038
 -0.7699999999999989 0.44446256924420596
 -0.7599999999999989 0.4457109156064689
 -0.7499999999999989 0.4469511278904974
 -0.7399999999999989 0.4481829757802188
 -0.7299999999999989 0.4494062276557087
 -0.7199999999999989 0.4506206503137946
 -0.7099999999999989 0.4518260093405842
 -0.6999999999999988 0.45302206892520186
 -0.6899999999999988 0.45420859195291985
 -0.6799999999999988 0.45538534019142385
 -0.6699999999999988 0.45655207457020874
 -0.6599999999999988 0.45770855471491806
 -0.6499999999999988 0.45885453978553414
 -0.6399999999999988 0.45998978782445193
 -0.6299999999999988 0.4611140564084053
 -0.6199999999999988 0.46222710255533445
 -0.6099999999999988 0.46332868272438643
 -0.5999999999999988 0.46441855309531077
 -0.5899999999999987 0.4654964696615934
 -0.5799999999999987 0.46656218823045487
 -0.5699999999999987 0.4676154647022486
 -0.5599999999999987 0.4686560550704598
 -0.5499999999999987 0.4696837155148387
 -0.5399999999999987 0.4706982027739286
 -0.5299999999999987 0.47169927405193446
 -0.5199999999999987 0.4726866870187223
 -0.5099999999999987 0.4736602004617453
 -0.49999999999999867 0.4746195739135146
 -0.48999999999999866 0.4755645679309964
 -0.47999999999999865 0.4764949443750083
 -0.46999999999999864 0.47741046650335195
 -0.45999999999999863 0.47831089906394475
 -0.4499999999999986 0.4791960084810852
 -0.4399999999999986 0.4800655629485845
 -0.4299999999999986 0.4809193326160312
 -0.4199999999999986 0.4817570898681879
 -0.4099999999999986 0.4825786095112562
 -0.3999999999999986 0.483383668307215
 -0.38999999999999857 0.48417204618453985
 -0.37999999999999856 0.48494352540001273
 -0.36999999999999855 0.48569789137691266
 -0.35999999999999854 0.4864349327050149
 -0.34999999999999853 0.4871544409543275
 -0.3399999999999985 0.48785621114075184
 -0.3299999999999985 0.4885400420986117
 -0.3199999999999985 0.4892057362012564
 -0.3099999999999985 0.48985309973359104
 -0.2999999999999985 0.4904819428920746
 -0.2899999999999985 0.491092080436647
 -0.2799999999999985 0.4916833310388029
 -0.26999999999999846 0.4922555182129146
 -0.25999999999999845 0.4928084700368346
 -0.24999999999999845 0.49334201924502863
 -0.23999999999999844 0.4938560036942363
 -0.22999999999999843 0.49435026645660407
 -0.21999999999999842 0.4948246553540231
 -0.2099999999999984 0.49527902416884906
 -0.1999999999999984 0.49571323171257975
 -0.1899999999999984 0.49612714275717734
 -0.17999999999999838 0.49652062766253946
 -0.16999999999999837 0.4968935627490282
 -0.15999999999999837 0.49724583029747016
 -0.14999999999999836 0.49757731854915616
 -0.13999999999999835 0.49788792226463563
 -0.12999999999999834 0.4981775423511863
 -0.11999999999999834 0.49844608595594764
 -0.10999999999999835 0.498693467117846
 -0.09999999999999835 0.49891960592940454
 -0.08999999999999836 0.49912442965433
 -0.07999999999999836 0.4993078719824552
 -0.06999999999999837 0.49946987358853223
 -0.05999999999999837 0.4996103817597032
 -0.049999999999998365 0.4997293507680297
 -0.03999999999999836 0.49982674214988954
 -0.02999999999999836 0.49990252386778594
 -0.01999999999999836 0.4999566713348031
 -0.00999999999999836 0.49998916694894435
 1.6410484082740595E-15 0.49999999999999994
 0.010000000000001641 0.49998916694894435
 0.02000000000000164 0.4999566713348031
 0.030000000000001643 0.49990252386778594
 0.040000000000001645 0.49982674214988954
 0.05000000000000165 0.4997293507680297
 0.06000000000000165 0.4996103817597032
 0.07000000000000164 0.49946987358853223
 0.08000000000000164 0.4993078719824552
 0.09000000000000163 0.49912442965433
 0.10000000000000163 0.49891960592940454
 0.11000000000000162 0.498693467117846
 0.12000000000000162 0.49844608595594764
 0.13000000000000161 0.4981775423511863
 0.14000000000000162 0.49788792226463563
 0.15000000000000163 0.49757731854915616
 0.16000000000000164 0.49724583029747016
 0.17000000000000165 0.4968935627490282
 0.18000000000000166 0.49652062766253946
 0.19000000000000167 0.49612714275717734
 0.20000000000000168 0.49571323171257975
 0.21000000000000169 0.49527902416884906
 0.2200000000000017 0.4948246553540231
 0.2300000000000017 0.49435026645660407
 0.2400000000000017 0.4938560036942363
 0.2500000000000017 0.49334201924502863
 0.26000000000000173 0.4928084700368346
 0.27000000000000174 0.4922555182129146
 0.28000000000000175 0.4916833310388029
 0.29000000000000176 0.491092080436647
 0.30000000000000177 0.4904819428920746
 0.3100000000000018 0.48985309973359104
 0.3200000000000018 0.4892057362012564
 0.3300000000000018 0.4885400420986117
 0.3400000000000018 0.48785621114075184
 0.3500000000000018 0.4871544409543275
 0.3600000000000018 0.4864349327050149
 0.3700000000000018 0.48569789137691266
 0.38000000000000184 0.48494352540001273
 0.39000000000000185 0.48417204618453985
 0.40000000000000185 0.483383668307215
 0.41000000000000186 0.4825786095112562
 0.42000000000000187 0.4817570898681879
 0.4300000000000019 0.4809193326160312
 0.4400000000000019 0.4800655629485845
 0.4500000000000019 0.4791960084810852
 0.4600000000000019 0.47831089906394475
 0.4700000000000019 0.47741046650335195
 0.4800000000000019 0.4764949443750083
 0.49000000000000193 0.4755645679309964
 0.5000000000000019 0.4746195739135146
 0.5100000000000019 0.4736602004617453
 0.5200000000000019 0.4726866870187223
 0.5300000000000019 0.47169927405193446
 0.5400000000000019 0.4706982027739286
 0.5500000000000019 0.4696837155148387
 0.5600000000000019 0.4686560550704598
 0.570000000000002 0.4676154647022486
 0.580000000000002 0.46656218823045487
 0.590000000000002 0.4654964696615934
 0.600000000000002 0.46441855309531077
 0.610000000000002 0.46332868272438643
 0.620000000000002 0.46222710255533445
 0.630000000000002 0.4611140564084053
 0.640000000000002 0.45998978782445193
 0.650000000000002 0.45885453978553414
 0.660000000000002 0.45770855471491806
 0.670000000000002 0.45655207457020874
 0.680000000000002 0.45538534019142385
 0.6900000000000021 0.45420859195291985
 0.7000000000000021 0.45302206892520186
 0.7100000000000021 0.4518260093405842
 0.7200000000000021 0.4506206503137946
 0.7300000000000021 0.4494062276557087
 0.7400000000000021 0.4481829757802188
 0.7500000000000021 0.4469511278904974
 0.7600000000000021 0.4457109156064689
 0.7700000000000021 0.44446256924420596
 0.7800000000000021 0.4432063171640038
 0.7900000000000021 0.4419423864223062
 0.8000000000000022 0.4406710020266472
 0.8100000000000022 0.43939238749444476
 0.8200000000000022 0.4381067642942071
 0.8300000000000022 0.4368143520317971
 0.8400000000000022 0.43551536845043304
 0.8500000000000022 0.4342100292444229
 0.8600000000000022 0.4328985479660331
 0.8700000000000022 0.43158113621175276
 0.8800000000000022 0.4302580035291611
 0.8900000000000022 0.42892935704439866
 0.9000000000000022 0.42759540183469646
 0.9100000000000023 0.42625634083524355
 0.9200000000000023 0.4249123745597898
 0.9300000000000023 0.4235637012869119
 0.9400000000000023 0.42221051696687933
 0.9500000000000023 0.42085301531478747
 0.9600000000000023 0.4194913875311612
 0.9700000000000023 0.4181258224882185
 0.9800000000000023 0.41675650672987097
 0.9900000000000023 0.41538362428545944
 1.0000000000000022 0.4140073568560183
 1.0100000000000022 0.412627883721143
 1.0200000000000022 0.41124538145959366
 1.0300000000000022 0.4098600246012211
 1.0400000000000023 0.40847198488190783
 1.0500000000000023 0.4070814318023622
 1.0600000000000023 0.40568853225558993
 1.0700000000000023 0.4042934506200254
 1.0800000000000023 0.4028963490389287
 1.0900000000000023 0.4014973869547247
 1.1000000000000023 0.40009672148153186
 1.1100000000000023 0.39869450712576504
 1.1200000000000023 0.3972908962517977
 1.1300000000000023 0.39588603843003517
 1.1400000000000023 0.39448008090257647
 1.1500000000000024 0.3930731685832142
 1.1600000000000024 0.3916654438711703
 1.1700000000000024 0.39025704674422745
 1.1800000000000024 0.38884811494499444
 1.1900000000000024 0.38743878351524474
 1.2000000000000024 0.3860291854478419
 1.2100000000000024 0.3846194511279465
 1.2200000000000024 0.3832097087986768
 1.2300000000000024 0.38180008418858047
 1.2400000000000024 0.38039070097729555
 1.2500000000000024 0.37898168023675693
 1.2600000000000025 0.37757314098998895
 1.2700000000000025 0.37616519983857877
 1.2800000000000025 0.3747579713352025
 1.2900000000000025 0.3733515677042306
 1.3000000000000025 0.37194609884172675
 1.3100000000000025 0.3705416727345437
 1.3200000000000025 0.3691383950412273
 1.3300000000000025 0.3677363692782819
 1.3400000000000025 0.36633569682016975
 1.3500000000000025 0.36493647713214145
 1.3600000000000025 0.3635388074442744
 1.3700000000000025 0.36214278303086755
 1.3800000000000026 0.36074849693104627
 1.3900000000000026 0.35935604032129065
 1.4000000000000026 0.3579655025620014
 1.4100000000000026 0.35657697077840556
 1.4200000000000026 0.3551905302330851
 1.4300000000000026 0.3538062644191087
 1.4400000000000026 0.35242425473406913
 1.4500000000000026 0.35104458089917906
 1.4600000000000026 0.349667320586741
 1.4700000000000026 0.3482925498858094
 1.4800000000000026 0.3469203427899629
 1.4900000000000027 0.3455507718026638
 1.5000000000000027 0.3441839076578617
 1.5100000000000027 0.34281981904059644
 1.5200000000000027 0.34145857337862245
 1.5300000000000027 0.3401002361439168
 1.5400000000000027 0.3387448711320758
 1.5500000000000027 0.337392540741712
 1.5600000000000027 0.3360433055087924
 1.5700000000000027 0.3346972245723009
 1.5800000000000027 0.33335435539484026
 1.5900000000000027 0.33201475390233093
 1.6000000000000028 0.3306784746237098
 1.6100000000000028 0.329345570411533
 1.6200000000000028 0.32801609290763734
 1.6300000000000028 0.3266900920309126
 1.6400000000000028 0.3253676163963972
 1.6500000000000028 0.32404871326871215
 1.6600000000000028 0.3227334284689277
 1.6700000000000028 0.3214218065142631
 1.6800000000000028 0.32011389043182137
 1.6900000000000028 0.3188097221776843
 1.7000000000000028 0.317509342264384
 1.7100000000000029 0.31621278994716706
 1.7200000000000029 0.3149201032239944
 1.7300000000000029 0.3136313188821077
 1.7400000000000029 0.3123464725911617
 1.7500000000000029 0.311065598577261
 1.760000000000003 0.30978873027488585
 1.770000000000003 0.3085158996284007
 1.780000000000003 0.3072471376042813
 1.790000000000003 0.30598247409798207
 1.800000000000003 0.3047219378873706
 1.810000000000003 0.3034655565861612
 1.820000000000003 0.30221335692331186
 1.830000000000003 0.30096536446362737
 1.840000000000003 0.2997216038405896
 1.850000000000003 0.2984820987097919
 1.860000000000003 0.2972468716092409
 1.870000000000003 0.2960159442853182
 1.880000000000003 0.2947893374599516
 1.890000000000003 0.29356707101687796
 1.900000000000003 0.29234916381537923
 1.910000000000003 0.2911356339231133
 1.920000000000003 0.28992649847641583
 1.930000000000003 0.28872177386656417
 1.940000000000003 0.2875214754603804
 1.950000000000003 0.28632561801932754
 1.960000000000003 0.285134215373546
 1.970000000000003 0.2839472805149854
 1.980000000000003 0.28276482583023616
 1.990000000000003 0.281586862821132
 2.000000000000003 0.2804134022910148
