   0.0000000000000000      -3.30192436825971214E-006
  1.00000000000000002E-002 -2.29699053344301074E-003
  2.00000000000000004E-002 -4.32136252030712598E-003
  2.99999999999999989E-002 -6.14511427314673453E-003
  4.00000000000000008E-002 -7.80429899690193718E-003
  5.00000000000000028E-002 -9.32289125807328478E-003
  5.99999999999999978E-002 -1.07185570576558975E-002
  7.00000000000000067E-002 -1.20050863620578263E-002
  8.00000000000000017E-002 -1.31936534252524162E-002
  8.99999999999999967E-002 -1.42935547657132567E-002
  0.10000000000000001      -1.53126782141946305E-002
  0.11000000000000000      -1.62578192282870071E-002
  0.12000000000000000      -1.71349040216588477E-002
  0.13000000000000000      -1.79491526312164917E-002
  0.14000000000000001      -1.87052015496171897E-002
  0.14999999999999999      -1.94071981553867179E-002
  0.16000000000000000      -2.00588748852597032E-002
  0.17000000000000001      -2.06636084894779581E-002
  0.17999999999999999      -2.12244680666863195E-002
  0.19000000000000000      -2.17442545021523381E-002
  0.20000000000000001      -2.22255332125471661E-002
  0.20999999999999999      -2.26706616045733167E-002
  0.22000000000000000      -2.30818123057650593E-002
  0.23000000000000001      -2.34609929754482360E-002
  0.23999999999999999      -2.38100633211401624E-002
  0.25000000000000000      -2.41307498102076856E-002
  0.26000000000000001      -2.44246584647538345E-002
  0.27000000000000002      -2.46932860501693496E-002
  0.28000000000000003      -2.49380299080072532E-002
  0.28999999999999998      -2.51601966373412034E-002
  0.29999999999999999      -2.53610097921618260E-002
  0.31000000000000000      -2.55416167333269994E-002
  0.32000000000000001      -2.57030947503719687E-002
  0.33000000000000002      -2.58464565497121823E-002
  0.34000000000000002      -2.59726551905804515E-002
  0.35000000000000003      -2.60825885375765010E-002
  0.35999999999999999      -2.61771032884514088E-002
  0.37000000000000000      -2.62569986272882527E-002
  0.38000000000000000      -2.63230295461538977E-002
  0.39000000000000001      -2.63759098724006824E-002
  0.40000000000000002      -2.64163150338100894E-002
  0.41000000000000003      -2.64448845895847162E-002
  0.41999999999999998      -2.64622245516109023E-002
  0.42999999999999999      -2.64689095173855082E-002
  0.44000000000000000      -2.64654846333967075E-002
  0.45000000000000001      -2.64524674055081344E-002
  0.46000000000000002      -2.64303493709748261E-002
  0.47000000000000003      -2.63995976450553393E-002
  0.47999999999999998      -2.63606563537227556E-002
  0.48999999999999999      -2.63139479627441941E-002
  0.50000000000000000      -2.62598745122726018E-002
  0.51000000000000001      -2.61988187651444604E-002
  0.52000000000000002      -2.61311452762403029E-002
  0.53000000000000003      -2.60572013894992127E-002
  0.54000000000000004      -2.59773181685404309E-002
  0.55000000000000004      -2.58918112662577526E-002
  0.56000000000000005      -2.58009817382353068E-002
  0.57000000000000006      -2.57051168043784806E-002
  0.57999999999999996      -2.56044905627445807E-002
  0.58999999999999997      -2.54993646591983592E-002
  0.59999999999999998      -2.53899889161792458E-002
  0.60999999999999999      -2.52766019235998174E-002
  0.62000000000000000      -2.51594315946029878E-002
  0.63000000000000000      -2.50386956886970435E-002
  0.64000000000000001      -2.49146023045603571E-002
  0.65000000000000002      -2.47873503446231491E-002
  0.66000000000000003      -2.46571299533555888E-002
  0.67000000000000004      -2.45241229310410036E-002
  0.68000000000000005      -2.43885031246710571E-002
  0.69000000000000006      -2.42504367974636370E-002
  0.70000000000000007      -2.41100829783978676E-002
  0.70999999999999996      -2.39675937930459715E-002
  0.71999999999999997      -2.38231147768904195E-002
  0.72999999999999998      -2.36767851722216316E-002
  0.73999999999999999      -2.35287382096348308E-002
  0.75000000000000000      -2.33791013750692389E-002
  0.76000000000000001      -2.32279966632613355E-002
  0.77000000000000002      -2.30755408184294963E-002
  0.78000000000000003      -2.29218455629437434E-002
  0.79000000000000004      -2.27670178146825442E-002
  0.80000000000000004      -2.26111598937365488E-002
  0.81000000000000005      -2.24543697190650038E-002
  0.82000000000000006      -2.22967409956789930E-002
  0.83000000000000007      -2.21383633928806667E-002
  0.83999999999999997      -2.19793227140586134E-002
  0.84999999999999998      -2.18197010585020057E-002
  0.85999999999999999      -2.16595769756704748E-002
  0.87000000000000000      -2.14990256123257506E-002
  0.88000000000000000      -2.13381188529103150E-002
  0.89000000000000001      -2.11769254535262574E-002
  0.90000000000000002      -2.10155111698560604E-002
  0.91000000000000003      -2.08539388793359259E-002
  0.92000000000000004      -2.06922686978834036E-002
  0.93000000000000005      -2.05305580914534463E-002
  0.94000000000000006      -2.03688619826884465E-002
  0.95000000000000007      -2.02072328529075140E-002
  0.95999999999999996      -2.00457208396691289E-002
  0.96999999999999997      -1.98843738301255762E-002
  0.97999999999999998      -1.97232375503747503E-002
  0.98999999999999999      -1.95623556510065577E-002
  1.00000000000000000      -1.94017697890267599E-002
   1.0100000000000000      -1.92415197063322135E-002
   1.0200000000000000      -1.90816433049007250E-002
   1.0300000000000000      -1.89221767188535867E-002
   1.0400000000000000      -1.87631543835347081E-002
   1.0500000000000000      -1.86046091017467580E-002
   1.0600000000000001      -1.84465721072753774E-002
   1.0700000000000001      -1.82890731258266714E-002
   1.0800000000000001      -1.81321404334951475E-002
   1.0900000000000001      -1.79758009128745400E-002
   1.1000000000000001      -1.78200801069177128E-002
   1.1100000000000001      -1.76650022706455606E-002
   1.1200000000000001      -1.75105904208014279E-002
   1.1300000000000001      -1.73568663835413500E-002
   1.1400000000000001      -1.72038508402454077E-002
   1.1500000000000001      -1.70515633715342257E-002
   1.1599999999999999      -1.69000224995657644E-002
   1.1699999999999999      -1.67492457286884389E-002
   1.1799999999999999      -1.65992495845203314E-002
   1.1899999999999999      -1.64500496515206929E-002
   1.2000000000000000      -1.63016606091192090E-002
   1.2100000000000000      -1.61540962664616372E-002
   1.2200000000000000      -1.60073695958320023E-002
   1.2300000000000000      -1.58614927648038778E-002
   1.2400000000000000      -1.57164771671756132E-002
   1.2500000000000000      -1.55723334527384932E-002
   1.2600000000000000      -1.54290715559254471E-002
   1.2700000000000000      -1.52867007233860458E-002
   1.2800000000000000      -1.51452295405321569E-002
   1.2900000000000000      -1.50046659570940988E-002
   1.3000000000000000      -1.48650173117288037E-002
   1.3100000000000001      -1.47262903557162372E-002
   1.3200000000000001      -1.45884912757814067E-002
   1.3300000000000001      -1.44516257160759859E-002
   1.3400000000000001      -1.43156987993530854E-002
   1.3500000000000001      -1.41807151473659493E-002
   1.3600000000000001      -1.40466789005215947E-002
   1.3700000000000001      -1.39135937368186358E-002
   1.3800000000000001      -1.37814628900952141E-002
   1.3900000000000001      -1.36502891676160421E-002
   1.4000000000000001      -1.35200749670218584E-002
   1.4099999999999999      -1.33908222926664433E-002
   1.4199999999999999      -1.32625327713650348E-002
   1.4299999999999999      -1.31352076675749913E-002
   1.4399999999999999      -1.30088478980315697E-002
   1.4500000000000000      -1.28834540458582364E-002
   1.4600000000000000      -1.27590263741717141E-002
   1.4700000000000000      -1.26355648392006761E-002
   1.4800000000000000      -1.25130691029354466E-002
   1.4900000000000000      -1.23915385453270618E-002
   1.5000000000000000      -1.22709722760512563E-002
   1.5100000000000000      -1.21513691458542822E-002
   1.5200000000000000      -1.20327277574952055E-002
   1.5300000000000000      -1.19150464762998870E-002
   1.5400000000000000      -1.17983234403401735E-002
   1.5500000000000000      -1.16825565702525155E-002
   1.5600000000000001      -1.15677435787087737E-002
   1.5700000000000001      -1.14538819795514529E-002
   1.5800000000000001      -1.13409690966059032E-002
   1.5900000000000001      -1.12290020721808187E-002
   1.6000000000000001      -1.11179778752678732E-002
   1.6100000000000001      -1.10078933094519341E-002
   1.6200000000000001      -1.08987450205411188E-002
   1.6300000000000001      -1.07905295039278162E-002
   1.6400000000000001      -1.06832431116885770E-002
   1.6500000000000001      -1.05768820594340160E-002
   1.6600000000000001      -1.04714424329156244E-002
   1.6699999999999999      -1.03669201943992831E-002
   1.6799999999999999      -1.02633111888128722E-002
   1.6899999999999999      -1.01606111496766183E-002
   1.7000000000000000      -1.00588157048226504E-002
   1.7100000000000000      -9.95792038191210122E-003
   1.7200000000000000      -9.85792061375607986E-003
   1.7300000000000000      -9.75881174344785801E-003
   1.7400000000000000      -9.66058902931190427E-003
   1.7500000000000000      -9.56324764967714930E-003
   1.7600000000000000      -9.46678270747967898E-003
   1.7700000000000000      -9.37118923470089960E-003
   1.7800000000000000      -9.27646219664710059E-003
   1.7900000000000000      -9.18259649607535561E-003
   1.8000000000000000      -9.08958697717135444E-003
   1.8100000000000001      -8.99742842938409254E-003
   1.8200000000000001      -8.90611559112204632E-003
   1.8300000000000001      -8.81564315331598292E-003
   1.8400000000000001      -8.72600576285243595E-003
   1.8500000000000001      -8.63719802588258645E-003
   1.8600000000000001      -8.54921451101033070E-003
   1.8700000000000001      -8.46204975236430207E-003
   1.8800000000000001      -8.37569825255677497E-003
   1.8900000000000001      -8.29015448553429429E-003
   1.9000000000000001      -8.20541289932263940E-003
   1.9100000000000001      -8.12146791867057738E-003
   1.9199999999999999      -8.03831394759523671E-003
   1.9299999999999999      -7.95594537183234862E-003
   1.9399999999999999      -7.87435656119508248E-003
   1.9500000000000000      -7.79354187184383429E-003
   1.9600000000000000      -7.71349564847040314E-003
   1.9700000000000000      -7.63421222639925484E-003
   1.9800000000000000      -7.55568593360862739E-003
   1.9900000000000000      -7.47791109267412213E-003
   2.0000000000000000      -7.40088202263755948E-003
   2.0100000000000002      -7.32459304080307697E-003
   2.0200000000000000      -7.24903846446354333E-003
   2.0300000000000002      -7.17421261255920054E-003
   2.0400000000000000      -7.10010980727084420E-003
   2.0499999999999998      -7.02672437554948889E-003
   2.0600000000000001      -6.95405065058543950E-003
   2.0699999999999998      -6.88208297321762572E-003
   2.0800000000000001      -6.81081569328608263E-003
   2.0899999999999999      -6.74024317092911107E-003
   2.1000000000000001      -6.67035977782686265E-003
   2.1099999999999999      -6.60115989839340708E-003
   2.1200000000000001      -6.53263793091865899E-003
   2.1299999999999999      -6.46478828866218699E-003
   2.1400000000000001      -6.39760540090019217E-003
   2.1499999999999999      -6.33108371392736291E-003
   2.1600000000000001      -6.26521769201508760E-003
   2.1699999999999999      -6.20000181832760372E-003
   2.1800000000000002      -6.13543059579696459E-003
   2.1899999999999999      -6.07149854795909633E-003
   2.2000000000000002      -6.00820021975130569E-003
   2.2100000000000000      -5.94553017827323046E-003
   2.2200000000000002      -5.88348301351188790E-003
   2.2300000000000000      -5.82205333903268452E-003
   2.2400000000000002      -5.76123579263668542E-003
   2.2500000000000000      -5.70102503698617299E-003
   2.2600000000000002      -5.64141576019881394E-003
   2.2700000000000000      -5.58240267641193708E-003
   2.2800000000000002      -5.52398052631777534E-003
   2.2900000000000000      -5.46614407767061911E-003
   2.3000000000000003      -5.40888812576694605E-003
   2.3100000000000001      -5.35220749389932540E-003
   2.3199999999999998      -5.29609703378502300E-003
   2.3300000000000001      -5.24055162597022312E-003
   2.3399999999999999      -5.18556618021061635E-003
   2.3500000000000001      -5.13113563582924537E-003
   2.3599999999999999      -5.07725496205226751E-003
   2.3700000000000001      -5.02391915832351918E-003
   2.3799999999999999      -4.97112325459856882E-003
   2.3900000000000001      -4.91886231161886220E-003
   2.3999999999999999      -4.86713142116688632E-003
   2.4100000000000001      -4.81592570630276148E-003
   2.4199999999999999      -4.76524032158301761E-003
   2.4300000000000002      -4.71507045326215526E-003
   2.4399999999999999      -4.66541131947781351E-003
   2.4500000000000002      -4.61625817041954115E-003
   2.4600000000000000      -4.56760628848255218E-003
   2.4700000000000002      -4.51945098840622964E-003
   2.4800000000000000      -4.47178761739849134E-003
   2.4900000000000002      -4.42461155524616345E-003
   2.5000000000000000      -4.37791821441210066E-003
   2.5100000000000002      -4.33170304011938276E-003
   2.5200000000000000      -4.28596151042307319E-003
   2.5300000000000002      -4.24068913627010172E-003
   2.5400000000000000      -4.19588146154757299E-003
   2.5500000000000003      -4.15153406311993996E-003
   2.5600000000000001      -4.10764255085565265E-003
   2.5699999999999998      -4.06420256764333104E-003
   2.5800000000000001      -4.02120978939814189E-003
   2.5899999999999999      -3.97865992505869182E-003
   2.6000000000000001      -3.93654871657461887E-003
   2.6099999999999999      -3.89487193888547918E-003
   2.6200000000000001      -3.85362539989110228E-003
   2.6299999999999999      -3.81280494041388168E-003
   2.6400000000000001      -3.77240643415305797E-003
   2.6499999999999999      -3.73242578763172302E-003
   2.6600000000000001      -3.69285894013633882E-003
   2.6699999999999999      -3.65370186364953956E-003
   2.6800000000000002      -3.61495056277615426E-003
   2.6899999999999999      -3.57660107466285793E-003
   2.7000000000000002      -3.53864946891175799E-003
   2.7100000000000000      -3.50109184748802552E-003
   2.7200000000000002      -3.46392434462191798E-003
   2.7300000000000000      -3.42714312670554938E-003
   2.7400000000000002      -3.39074439218425665E-003
   2.7500000000000000      -3.35472437144325800E-003
   2.7600000000000002      -3.31907932668948878E-003
   2.7700000000000000      -3.28380555182889930E-003
   2.7800000000000002      -3.24889937233956497E-003
   2.7900000000000000      -3.21435714514053429E-003
   2.8000000000000003      -3.18017525845687779E-003
   2.8100000000000001      -3.14635013168095348E-003
   2.8199999999999998      -3.11287821523007109E-003
   2.8300000000000001      -3.07975599040082905E-003
   2.8399999999999999      -3.04697996922027869E-003
   2.8500000000000001      -3.01454669429376994E-003
   2.8599999999999999      -2.98245273865029720E-003
   2.8700000000000001      -2.95069470558470721E-003
   2.8799999999999999      -2.91926922849753204E-003
   2.8900000000000001      -2.88817297073224420E-003
   2.8999999999999999      -2.85740262541024116E-003
   2.9100000000000001      -2.82695491526356937E-003
   2.9199999999999999      -2.79682659246566212E-003
   2.9300000000000002      -2.76701443845999914E-003
   2.9399999999999999      -2.73751526378706797E-003
   2.9500000000000002      -2.70832590790950900E-003
   2.9600000000000000      -2.67944323903573228E-003
   2.9700000000000002      -2.65086415394195744E-003
   2.9800000000000000      -2.62258557779295083E-003
   2.9900000000000002      -2.59460446396139743E-003
   3.0000000000000000      -2.56691779384611400E-003
