  0.0000   5.9622E+00   9.9743E-01   5.0000E-01   3.3333E-01   2.5000E-01
  0.0100   4.0336E+00   9.4966E-01   4.9028E-01   3.2838E-01   2.4669E-01
  0.0200   3.3547E+00   9.1310E-01   4.8097E-01   3.2353E-01   2.4343E-01
  0.0300   2.9591E+00   8.8167E-01   4.7200E-01   3.1876E-01   2.4022E-01
  0.0400   2.6813E+00   8.5354E-01   4.6332E-01   3.1409E-01   2.3706E-01
  0.0500   2.4679E+00   8.2783E-01   4.5492E-01   3.0949E-01   2.3394E-01
  0.0600   2.2953E+00   8.0405E-01   4.4676E-01   3.0499E-01   2.3087E-01
  0.0700   2.1508E+00   7.8184E-01   4.3883E-01   3.0056E-01   2.2784E-01
  0.0800   2.0269E+00   7.6096E-01   4.3112E-01   2.9621E-01   2.2485E-01
  0.0900   1.9187E+00   7.4124E-01   4.2361E-01   2.9194E-01   2.2191E-01
  0.1000   1.8229E+00   7.2255E-01   4.1629E-01   2.8774E-01   2.1902E-01
  0.1100   1.7371E+00   7.0475E-01   4.0916E-01   2.8361E-01   2.1616E-01
  0.1200   1.6595E+00   6.8778E-01   4.0219E-01   2.7955E-01   2.1334E-01
  0.1300   1.5889E+00   6.7154E-01   3.9540E-01   2.7556E-01   2.1057E-01
  0.1400   1.5241E+00   6.5598E-01   3.8876E-01   2.7164E-01   2.0783E-01
  0.1500   1.4645E+00   6.4104E-01   3.8228E-01   2.6779E-01   2.0513E-01
  0.1600   1.4092E+00   6.2667E-01   3.7594E-01   2.6400E-01   2.0248E-01
  0.1700   1.3578E+00   6.1284E-01   3.6974E-01   2.6027E-01   1.9985E-01
  0.1800   1.3098E+00   5.9951E-01   3.6368E-01   2.5660E-01   1.9727E-01
  0.1900   1.2649E+00   5.8664E-01   3.5775E-01   2.5300E-01   1.9472E-01
  0.2000   1.2227E+00   5.7420E-01   3.5195E-01   2.4945E-01   1.9221E-01
  0.2100   1.1829E+00   5.6217E-01   3.4626E-01   2.4596E-01   1.8973E-01
  0.2200   1.1454E+00   5.5054E-01   3.4070E-01   2.4252E-01   1.8729E-01
  0.2300   1.1099E+00   5.3926E-01   3.3525E-01   2.3914E-01   1.8488E-01
  0.2400   1.0762E+00   5.2833E-01   3.2991E-01   2.3582E-01   1.8251E-01
  0.2500   1.0443E+00   5.1773E-01   3.2468E-01   2.3254E-01   1.8017E-01
  0.2600   1.0139E+00   5.0744E-01   3.1956E-01   2.2932E-01   1.7786E-01
  0.2700   9.8493E-01   4.9745E-01   3.1453E-01   2.2615E-01   1.7558E-01
  0.2800   9.5731E-01   4.8774E-01   3.0961E-01   2.2303E-01   1.7333E-01
  0.2900   9.3092E-01   4.7830E-01   3.0478E-01   2.1996E-01   1.7112E-01
  0.3000   9.0568E-01   4.6912E-01   3.0004E-01   2.1694E-01   1.6893E-01
  0.3100   8.8151E-01   4.6018E-01   2.9540E-01   2.1396E-01   1.6678E-01
  0.3200   8.5834E-01   4.5148E-01   2.9084E-01   2.1103E-01   1.6466E-01
  0.3300   8.3610E-01   4.4301E-01   2.8637E-01   2.0814E-01   1.6256E-01
  0.3400   8.1475E-01   4.3476E-01   2.8198E-01   2.0530E-01   1.6049E-01
  0.3500   7.9422E-01   4.2671E-01   2.7767E-01   2.0250E-01   1.5845E-01
  0.3600   7.7446E-01   4.1887E-01   2.7344E-01   1.9975E-01   1.5644E-01
  0.3700   7.5544E-01   4.1122E-01   2.6929E-01   1.9703E-01   1.5446E-01
  0.3800   7.3711E-01   4.0376E-01   2.6522E-01   1.9436E-01   1.5250E-01
  0.3900   7.1944E-01   3.9648E-01   2.6122E-01   1.9173E-01   1.5057E-01
  0.4000   7.0238E-01   3.8937E-01   2.5729E-01   1.8914E-01   1.4867E-01
  0.4100   6.8591E-01   3.8243E-01   2.5343E-01   1.8658E-01   1.4679E-01
  0.4200   6.7000E-01   3.7565E-01   2.4964E-01   1.8407E-01   1.4493E-01
  0.4300   6.5461E-01   3.6903E-01   2.4591E-01   1.8159E-01   1.4311E-01
  0.4400   6.3973E-01   3.6255E-01   2.4226E-01   1.7915E-01   1.4130E-01
  0.4500   6.2533E-01   3.5623E-01   2.3866E-01   1.7674E-01   1.3952E-01
  0.4600   6.1139E-01   3.5005E-01   2.3513E-01   1.7437E-01   1.3777E-01
  0.4700   5.9788E-01   3.4400E-01   2.3166E-01   1.7204E-01   1.3604E-01
  0.4800   5.8478E-01   3.3809E-01   2.2825E-01   1.6974E-01   1.3433E-01
  0.4900   5.7209E-01   3.3230E-01   2.2490E-01   1.6748E-01   1.3264E-01
  0.5000   5.5977E-01   3.2664E-01   2.2160E-01   1.6524E-01   1.3098E-01
  0.5100   5.4782E-01   3.2111E-01   2.1837E-01   1.6304E-01   1.2934E-01
  0.5200   5.3622E-01   3.1569E-01   2.1518E-01   1.6088E-01   1.2772E-01
  0.5300   5.2495E-01   3.1038E-01   2.1205E-01   1.5874E-01   1.2612E-01
  0.5400   5.1400E-01   3.0519E-01   2.0897E-01   1.5663E-01   1.2454E-01
  0.5500   5.0336E-01   3.0010E-01   2.0595E-01   1.5456E-01   1.2299E-01
  0.5600   4.9302E-01   2.9512E-01   2.0297E-01   1.5252E-01   1.2145E-01
  0.5700   4.8296E-01   2.9024E-01   2.0004E-01   1.5050E-01   1.1994E-01
  0.5800   4.7317E-01   2.8546E-01   1.9717E-01   1.4851E-01   1.1844E-01
  0.5900   4.6365E-01   2.8077E-01   1.9434E-01   1.4656E-01   1.1696E-01
  0.6000   4.5438E-01   2.7618E-01   1.9155E-01   1.4463E-01   1.1551E-01
  0.6100   4.4535E-01   2.7169E-01   1.8881E-01   1.4273E-01   1.1407E-01
  0.6200   4.3656E-01   2.6728E-01   1.8612E-01   1.4085E-01   1.1265E-01
  0.6300   4.2800E-01   2.6295E-01   1.8347E-01   1.3900E-01   1.1126E-01
  0.6400   4.1965E-01   2.5872E-01   1.8086E-01   1.3718E-01   1.0987E-01
  0.6500   4.1152E-01   2.5456E-01   1.7829E-01   1.3539E-01   1.0851E-01
  0.6600   4.0359E-01   2.5048E-01   1.7577E-01   1.3362E-01   1.0717E-01
  0.6700   3.9585E-01   2.4649E-01   1.7328E-01   1.3187E-01   1.0584E-01
  0.6800   3.8831E-01   2.4257E-01   1.7084E-01   1.3015E-01   1.0453E-01
  0.6900   3.8095E-01   2.3872E-01   1.6843E-01   1.2845E-01   1.0324E-01
  0.7000   3.7377E-01   2.3495E-01   1.6606E-01   1.2678E-01   1.0196E-01
  0.7100   3.6676E-01   2.3124E-01   1.6373E-01   1.2513E-01   1.0070E-01
  0.7200   3.5992E-01   2.2761E-01   1.6144E-01   1.2351E-01   9.9457E-02
  0.7300   3.5324E-01   2.2405E-01   1.5918E-01   1.2190E-01   9.8230E-02
  0.7400   3.4671E-01   2.2055E-01   1.5695E-01   1.2032E-01   9.7019E-02
  0.7500   3.4034E-01   2.1711E-01   1.5477E-01   1.1876E-01   9.5823E-02
  0.7600   3.3412E-01   2.1374E-01   1.5261E-01   1.1723E-01   9.4643E-02
  0.7700   3.2803E-01   2.1043E-01   1.5049E-01   1.1571E-01   9.3479E-02
  0.7800   3.2209E-01   2.0718E-01   1.4840E-01   1.1422E-01   9.2329E-02
  0.7900   3.1628E-01   2.0399E-01   1.4635E-01   1.1274E-01   9.1194E-02
  0.8000   3.1060E-01   2.0085E-01   1.4432E-01   1.1129E-01   9.0074E-02
  0.8100   3.0504E-01   1.9777E-01   1.4233E-01   1.0986E-01   8.8969E-02
  0.8200   2.9961E-01   1.9475E-01   1.4037E-01   1.0844E-01   8.7877E-02
  0.8300   2.9430E-01   1.9178E-01   1.3844E-01   1.0705E-01   8.6800E-02
  0.8400   2.8910E-01   1.8886E-01   1.3653E-01   1.0567E-01   8.5736E-02
  0.8500   2.8402E-01   1.8600E-01   1.3466E-01   1.0432E-01   8.4686E-02
  0.8600   2.7905E-01   1.8318E-01   1.3281E-01   1.0298E-01   8.3650E-02
  0.8700   2.7418E-01   1.8042E-01   1.3099E-01   1.0166E-01   8.2626E-02
  0.8800   2.6941E-01   1.7770E-01   1.2920E-01   1.0036E-01   8.1616E-02
  0.8900   2.6475E-01   1.7503E-01   1.2744E-01   9.9078E-02   8.0619E-02
  0.9000   2.6018E-01   1.7240E-01   1.2570E-01   9.7812E-02   7.9635E-02
  0.9100   2.5571E-01   1.6982E-01   1.2399E-01   9.6564E-02   7.8663E-02
  0.9200   2.5134E-01   1.6729E-01   1.2231E-01   9.5332E-02   7.7703E-02
  0.9300   2.4705E-01   1.6480E-01   1.2065E-01   9.4118E-02   7.6756E-02
  0.9400   2.4285E-01   1.6235E-01   1.1901E-01   9.2919E-02   7.5821E-02
  0.9500   2.3874E-01   1.5994E-01   1.1740E-01   9.1737E-02   7.4898E-02
  0.9600   2.3471E-01   1.5757E-01   1.1581E-01   9.0571E-02   7.3986E-02
  0.9700   2.3076E-01   1.5525E-01   1.1425E-01   8.9421E-02   7.3086E-02
  0.9800   2.2689E-01   1.5296E-01   1.1271E-01   8.8286E-02   7.2198E-02
  0.9900   2.2310E-01   1.5071E-01   1.1119E-01   8.7167E-02   7.1320E-02
  1.0000   2.1938E-01   1.4850E-01   1.0969E-01   8.6062E-02   7.0454E-02
  1.0100   2.1574E-01   1.4632E-01   1.0822E-01   8.4973E-02   6.9599E-02
  1.0200   2.1217E-01   1.4418E-01   1.0677E-01   8.3898E-02   6.8755E-02
  1.0300   2.0867E-01   1.4208E-01   1.0533E-01   8.2838E-02   6.7921E-02
  1.0400   2.0524E-01   1.4001E-01   1.0392E-01   8.1791E-02   6.7098E-02
  1.0500   2.0187E-01   1.3797E-01   1.0253E-01   8.0759E-02   6.6285E-02
  1.0600   1.9857E-01   1.3597E-01   1.0116E-01   7.9741E-02   6.5483E-02
  1.0700   1.9534E-01   1.3400E-01   9.9814E-02   7.8736E-02   6.4690E-02
  1.0800   1.9216E-01   1.3206E-01   9.8484E-02   7.7744E-02   6.3908E-02
  1.0900   1.8905E-01   1.3016E-01   9.7173E-02   7.6766E-02   6.3135E-02
  1.1000   1.8599E-01   1.2828E-01   9.5881E-02   7.5801E-02   6.2373E-02
  1.1100   1.8299E-01   1.2644E-01   9.4607E-02   7.4848E-02   6.1619E-02
  1.1200   1.8005E-01   1.2462E-01   9.3352E-02   7.3908E-02   6.0876E-02
  1.1300   1.7717E-01   1.2283E-01   9.2115E-02   7.2981E-02   6.0141E-02
  1.1400   1.7433E-01   1.2108E-01   9.0895E-02   7.2066E-02   5.9416E-02
  1.1500   1.7156E-01   1.1935E-01   8.9693E-02   7.1163E-02   5.8700E-02
  1.1600   1.6883E-01   1.1765E-01   8.8508E-02   7.0272E-02   5.7993E-02
  1.1700   1.6615E-01   1.1597E-01   8.7340E-02   6.9393E-02   5.7294E-02
  1.1800   1.6352E-01   1.1432E-01   8.6189E-02   6.8525E-02   5.6605E-02
  1.1900   1.6094E-01   1.1270E-01   8.5054E-02   6.7669E-02   5.5924E-02
  1.2000   1.5841E-01   1.1110E-01   8.3935E-02   6.6824E-02   5.5251E-02
  1.2100   1.5592E-01   1.0953E-01   8.2831E-02   6.5990E-02   5.4587E-02
  1.2200   1.5348E-01   1.0799E-01   8.1744E-02   6.5168E-02   5.3931E-02
  1.2300   1.5108E-01   1.0646E-01   8.0672E-02   6.4355E-02   5.3284E-02
  1.2400   1.4873E-01   1.0496E-01   7.9615E-02   6.3554E-02   5.2644E-02
  1.2500   1.4641E-01   1.0349E-01   7.8572E-02   6.2763E-02   5.2013E-02
  1.2600   1.4414E-01   1.0204E-01   7.7545E-02   6.1983E-02   5.1389E-02
  1.2700   1.4191E-01   1.0061E-01   7.6532E-02   6.1212E-02   5.0773E-02
  1.2800   1.3972E-01   9.9197E-02   7.5533E-02   6.0452E-02   5.0165E-02
  1.2900   1.3757E-01   9.7811E-02   7.4548E-02   5.9701E-02   4.9564E-02
  1.3000   1.3545E-01   9.6446E-02   7.3576E-02   5.8961E-02   4.8971E-02
  1.3100   1.3337E-01   9.5101E-02   7.2619E-02   5.8230E-02   4.8385E-02
  1.3200   1.3133E-01   9.3778E-02   7.1674E-02   5.7508E-02   4.7806E-02
  1.3300   1.2933E-01   9.2475E-02   7.0743E-02   5.6796E-02   4.7235E-02
  1.3400   1.2735E-01   9.1191E-02   6.9825E-02   5.6094E-02   4.6670E-02
  1.3500   1.2542E-01   8.9928E-02   6.8919E-02   5.5400E-02   4.6113E-02
  1.3600   1.2351E-01   8.8683E-02   6.8026E-02   5.4715E-02   4.5562E-02
  1.3700   1.2164E-01   8.7457E-02   6.7145E-02   5.4039E-02   4.5018E-02
  1.3800   1.1980E-01   8.6250E-02   6.6277E-02   5.3372E-02   4.4481E-02
  1.3900   1.1800E-01   8.5061E-02   6.5420E-02   5.2714E-02   4.3951E-02
  1.4000   1.1622E-01   8.3890E-02   6.4576E-02   5.2064E-02   4.3427E-02
  1.4100   1.1447E-01   8.2736E-02   6.3742E-02   5.1422E-02   4.2910E-02
  1.4200   1.1276E-01   8.1600E-02   6.2921E-02   5.0789E-02   4.2398E-02
  1.4300   1.1107E-01   8.0481E-02   6.2110E-02   5.0164E-02   4.1894E-02
  1.4400   1.0941E-01   7.9379E-02   6.1311E-02   4.9547E-02   4.1395E-02
  1.4500   1.0778E-01   7.8293E-02   6.0523E-02   4.8937E-02   4.0903E-02
  1.4600   1.0617E-01   7.7223E-02   5.9745E-02   4.8336E-02   4.0416E-02
  1.4700   1.0460E-01   7.6169E-02   5.8978E-02   4.7743E-02   3.9936E-02
  1.4800   1.0304E-01   7.5131E-02   5.8222E-02   4.7157E-02   3.9462E-02
  1.4900   1.0152E-01   7.4108E-02   5.7476E-02   4.6578E-02   3.8993E-02
  1.5000   1.0002E-01   7.3101E-02   5.6739E-02   4.6007E-02   3.8530E-02
  1.5100   9.8544E-02   7.2108E-02   5.6013E-02   4.5443E-02   3.8073E-02
  1.5200   9.7093E-02   7.1130E-02   5.5297E-02   4.4887E-02   3.7621E-02
  1.5300   9.5666E-02   7.0166E-02   5.4591E-02   4.4337E-02   3.7175E-02
  1.5400   9.4263E-02   6.9216E-02   5.3894E-02   4.3795E-02   3.6734E-02
  1.5500   9.2882E-02   6.8281E-02   5.3206E-02   4.3259E-02   3.6299E-02
  1.5600   9.1524E-02   6.7359E-02   5.2528E-02   4.2731E-02   3.5869E-02
  1.5700   9.0188E-02   6.6450E-02   5.1859E-02   4.2209E-02   3.5444E-02
  1.5800   8.8874E-02   6.5555E-02   5.1199E-02   4.1693E-02   3.5025E-02
  1.5900   8.7581E-02   6.4673E-02   5.0548E-02   4.1185E-02   3.4610E-02
  1.6000   8.6308E-02   6.3803E-02   4.9906E-02   4.0682E-02   3.4201E-02
  1.6100   8.5057E-02   6.2946E-02   4.9272E-02   4.0187E-02   3.3797E-02
  1.6200   8.3825E-02   6.2102E-02   4.8647E-02   3.9697E-02   3.3397E-02
  1.6300   8.2613E-02   6.1270E-02   4.8030E-02   3.9214E-02   3.3003E-02
  1.6400   8.1421E-02   6.0450E-02   4.7421E-02   3.8736E-02   3.2613E-02
  1.6500   8.0248E-02   5.9641E-02   4.6821E-02   3.8265E-02   3.2228E-02
  1.6600   7.9093E-02   5.8845E-02   4.6228E-02   3.7800E-02   3.1848E-02
  1.6700   7.7957E-02   5.8059E-02   4.5644E-02   3.7341E-02   3.1472E-02
  1.6800   7.6838E-02   5.7285E-02   4.5067E-02   3.6887E-02   3.1101E-02
  1.6900   7.5738E-02   5.6523E-02   4.4498E-02   3.6439E-02   3.0734E-02
  1.7000   7.4655E-02   5.5771E-02   4.3937E-02   3.5997E-02   3.0372E-02
  1.7100   7.3589E-02   5.5029E-02   4.3383E-02   3.5560E-02   3.0014E-02
  1.7200   7.2539E-02   5.4299E-02   4.2836E-02   3.5129E-02   2.9661E-02
  1.7300   7.1506E-02   5.3579E-02   4.2297E-02   3.4704E-02   2.9312E-02
  1.7400   7.0490E-02   5.2869E-02   4.1764E-02   3.4283E-02   2.8967E-02
  1.7500   6.9489E-02   5.2169E-02   4.1239E-02   3.3868E-02   2.8626E-02
  1.7600   6.8503E-02   5.1479E-02   4.0721E-02   3.3459E-02   2.8289E-02
  1.7700   6.7534E-02   5.0799E-02   4.0210E-02   3.3054E-02   2.7957E-02
  1.7800   6.6579E-02   5.0128E-02   3.9705E-02   3.2654E-02   2.7628E-02
  1.7900   6.5639E-02   4.9467E-02   3.9207E-02   3.2260E-02   2.7304E-02
  1.8000   6.4713E-02   4.8815E-02   3.8716E-02   3.1870E-02   2.6983E-02
  1.8100   6.3802E-02   4.8173E-02   3.8231E-02   3.1485E-02   2.6666E-02
  1.8200   6.2905E-02   4.7539E-02   3.7752E-02   3.1106E-02   2.6353E-02
  1.8300   6.2021E-02   4.6915E-02   3.7280E-02   3.0730E-02   2.6044E-02
  1.8400   6.1151E-02   4.6299E-02   3.6814E-02   3.0360E-02   2.5739E-02
  1.8500   6.0295E-02   4.5691E-02   3.6354E-02   2.9994E-02   2.5437E-02
  1.8600   5.9452E-02   4.5093E-02   3.5900E-02   2.9633E-02   2.5139E-02
  1.8700   5.8621E-02   4.4502E-02   3.5452E-02   2.9276E-02   2.4844E-02
  1.8800   5.7803E-02   4.3920E-02   3.5010E-02   2.8924E-02   2.4553E-02
  1.8900   5.6998E-02   4.3346E-02   3.4574E-02   2.8576E-02   2.4266E-02
  1.9000   5.6204E-02   4.2780E-02   3.4143E-02   2.8232E-02   2.3982E-02
  1.9100   5.5423E-02   4.2222E-02   3.3718E-02   2.7893E-02   2.3701E-02
  1.9200   5.4654E-02   4.1672E-02   3.3299E-02   2.7558E-02   2.3424E-02
  1.9300   5.3896E-02   4.1129E-02   3.2885E-02   2.7227E-02   2.3150E-02
  1.9400   5.3150E-02   4.0594E-02   3.2476E-02   2.6900E-02   2.2879E-02
  1.9500   5.2414E-02   4.0066E-02   3.2073E-02   2.6577E-02   2.2612E-02
  1.9600   5.1690E-02   3.9546E-02   3.1675E-02   2.6259E-02   2.2348E-02
  1.9700   5.0977E-02   3.9032E-02   3.1282E-02   2.5944E-02   2.2087E-02
  1.9800   5.0274E-02   3.8526E-02   3.0894E-02   2.5633E-02   2.1829E-02
  1.9900   4.9582E-02   3.8027E-02   3.0511E-02   2.5326E-02   2.1574E-02
  2.0000   4.8901E-02   3.7534E-02   3.0133E-02   2.5023E-02   2.1322E-02
  2.0100   4.8229E-02   3.7049E-02   2.9760E-02   2.4723E-02   2.1074E-02
  2.0200   4.7567E-02   3.6570E-02   2.9392E-02   2.4428E-02   2.0828E-02
  2.0300   4.6915E-02   3.6097E-02   2.9029E-02   2.4136E-02   2.0585E-02
  2.0400   4.6273E-02   3.5631E-02   2.8670E-02   2.3847E-02   2.0345E-02
  2.0500   4.5641E-02   3.5172E-02   2.8316E-02   2.3562E-02   2.0108E-02
  2.0600   4.5017E-02   3.4718E-02   2.7967E-02   2.3281E-02   1.9874E-02
  2.0700   4.4403E-02   3.4271E-02   2.7622E-02   2.3003E-02   1.9643E-02
  2.0800   4.3798E-02   3.3830E-02   2.7282E-02   2.2728E-02   1.9414E-02
  2.0900   4.3202E-02   3.3395E-02   2.6945E-02   2.2457E-02   1.9188E-02
  2.1000   4.2614E-02   3.2966E-02   2.6614E-02   2.2189E-02   1.8965E-02
  2.1100   4.2035E-02   3.2543E-02   2.6286E-02   2.1925E-02   1.8744E-02
  2.1200   4.1465E-02   3.2126E-02   2.5963E-02   2.1664E-02   1.8526E-02
  2.1300   4.0903E-02   3.1714E-02   2.5644E-02   2.1406E-02   1.8311E-02
  2.1400   4.0349E-02   3.1307E-02   2.5328E-02   2.1151E-02   1.8098E-02
  2.1500   3.9803E-02   3.0907E-02   2.5017E-02   2.0899E-02   1.7888E-02
  2.1600   3.9266E-02   3.0511E-02   2.4710E-02   2.0650E-02   1.7680E-02
  2.1700   3.8736E-02   3.0121E-02   2.4407E-02   2.0405E-02   1.7475E-02
  2.1800   3.8213E-02   2.9737E-02   2.4108E-02   2.0162E-02   1.7272E-02
  2.1900   3.7698E-02   2.9357E-02   2.3812E-02   1.9923E-02   1.7072E-02
  2.2000   3.7191E-02   2.8983E-02   2.3521E-02   1.9686E-02   1.6874E-02
  2.2100   3.6691E-02   2.8613E-02   2.3233E-02   1.9452E-02   1.6678E-02
  2.2200   3.6198E-02   2.8249E-02   2.2948E-02   1.9221E-02   1.6484E-02
  2.2300   3.5713E-02   2.7889E-02   2.2668E-02   1.8993E-02   1.6293E-02
  2.2400   3.5234E-02   2.7535E-02   2.2391E-02   1.8768E-02   1.6105E-02
  2.2500   3.4762E-02   2.7185E-02   2.2117E-02   1.8545E-02   1.5918E-02
  2.2600   3.4297E-02   2.6839E-02   2.1847E-02   1.8326E-02   1.5734E-02
  2.2700   3.3839E-02   2.6499E-02   2.1580E-02   1.8108E-02   1.5552E-02
  2.2800   3.3387E-02   2.6162E-02   2.1317E-02   1.7894E-02   1.5372E-02
  2.2900   3.2941E-02   2.5831E-02   2.1057E-02   1.7682E-02   1.5194E-02
  2.3000   3.2502E-02   2.5504E-02   2.0800E-02   1.7473E-02   1.5018E-02
  2.3100   3.2069E-02   2.5181E-02   2.0547E-02   1.7266E-02   1.4844E-02
  2.3200   3.1643E-02   2.4862E-02   2.0297E-02   1.7062E-02   1.4673E-02
  2.3300   3.1222E-02   2.4548E-02   2.0050E-02   1.6860E-02   1.4503E-02
  2.3400   3.0808E-02   2.4238E-02   1.9806E-02   1.6661E-02   1.4335E-02
  2.3500   3.0399E-02   2.3932E-02   1.9565E-02   1.6464E-02   1.4170E-02
  2.3600   2.9996E-02   2.3630E-02   1.9327E-02   1.6270E-02   1.4006E-02
  2.3700   2.9599E-02   2.3332E-02   1.9092E-02   1.6077E-02   1.3844E-02
  2.3800   2.9207E-02   2.3038E-02   1.8860E-02   1.5888E-02   1.3684E-02
  2.3900   2.8821E-02   2.2748E-02   1.8631E-02   1.5700E-02   1.3527E-02
  2.4000   2.8440E-02   2.2461E-02   1.8405E-02   1.5515E-02   1.3370E-02
  2.4100   2.8065E-02   2.2179E-02   1.8182E-02   1.5332E-02   1.3216E-02
  2.4200   2.7695E-02   2.1900E-02   1.7962E-02   1.5151E-02   1.3064E-02
  2.4300   2.7330E-02   2.1625E-02   1.7744E-02   1.4973E-02   1.2913E-02
  2.4400   2.6970E-02   2.1353E-02   1.7529E-02   1.4796E-02   1.2764E-02
  2.4500   2.6616E-02   2.1085E-02   1.7317E-02   1.4622E-02   1.2617E-02
  2.4600   2.6266E-02   2.0821E-02   1.7108E-02   1.4450E-02   1.2472E-02
  2.4700   2.5921E-02   2.0560E-02   1.6901E-02   1.4280E-02   1.2328E-02
  2.4800   2.5581E-02   2.0303E-02   1.6696E-02   1.4112E-02   1.2186E-02
  2.4900   2.5246E-02   2.0049E-02   1.6495E-02   1.3946E-02   1.2046E-02
  2.5000   2.4915E-02   1.9798E-02   1.6295E-02   1.3782E-02   1.1907E-02
  2.5100   2.4589E-02   1.9550E-02   1.6099E-02   1.3620E-02   1.1770E-02
  2.5200   2.4267E-02   1.9306E-02   1.5904E-02   1.3460E-02   1.1635E-02
  2.5300   2.3950E-02   1.9065E-02   1.5713E-02   1.3302E-02   1.1501E-02
  2.5400   2.3638E-02   1.8827E-02   1.5523E-02   1.3146E-02   1.1369E-02
  2.5500   2.3329E-02   1.8592E-02   1.5336E-02   1.2992E-02   1.1238E-02
  2.5600   2.3025E-02   1.8360E-02   1.5151E-02   1.2839E-02   1.1109E-02
  2.5700   2.2725E-02   1.8132E-02   1.4969E-02   1.2689E-02   1.0981E-02
  2.5800   2.2430E-02   1.7906E-02   1.4789E-02   1.2540E-02   1.0855E-02
  2.5900   2.2138E-02   1.7683E-02   1.4611E-02   1.2393E-02   1.0731E-02
  2.6000   2.1850E-02   1.7463E-02   1.4435E-02   1.2248E-02   1.0607E-02
  2.6100   2.1567E-02   1.7246E-02   1.4261E-02   1.2104E-02   1.0486E-02
  2.6200   2.1287E-02   1.7032E-02   1.4090E-02   1.1962E-02   1.0365E-02
  2.6300   2.1011E-02   1.6820E-02   1.3921E-02   1.1822E-02   1.0246E-02
  2.6400   2.0739E-02   1.6611E-02   1.3754E-02   1.1684E-02   1.0129E-02
  2.6500   2.0470E-02   1.6405E-02   1.3588E-02   1.1547E-02   1.0013E-02
  2.6600   2.0205E-02   1.6202E-02   1.3425E-02   1.1412E-02   9.8979E-03
  2.6700   1.9944E-02   1.6001E-02   1.3264E-02   1.1279E-02   9.7845E-03
  2.6800   1.9687E-02   1.5803E-02   1.3105E-02   1.1147E-02   9.6724E-03
  2.6900   1.9432E-02   1.5608E-02   1.2948E-02   1.1017E-02   9.5616E-03
  2.7000   1.9182E-02   1.5414E-02   1.2793E-02   1.0888E-02   9.4520E-03
  2.7100   1.8935E-02   1.5224E-02   1.2640E-02   1.0761E-02   9.3438E-03
  2.7200   1.8691E-02   1.5036E-02   1.2489E-02   1.0635E-02   9.2368E-03
  2.7300   1.8450E-02   1.4850E-02   1.2339E-02   1.0511E-02   9.1311E-03
  2.7400   1.8213E-02   1.4667E-02   1.2192E-02   1.0388E-02   9.0266E-03
  2.7500   1.7979E-02   1.4486E-02   1.2046E-02   1.0267E-02   8.9233E-03
  2.7600   1.7748E-02   1.4307E-02   1.1902E-02   1.0147E-02   8.8212E-03
  2.7700   1.7520E-02   1.4131E-02   1.1760E-02   1.0029E-02   8.7204E-03
  2.7800   1.7296E-02   1.3957E-02   1.1619E-02   9.9122E-03   8.6207E-03
  2.7900   1.7074E-02   1.3785E-02   1.1481E-02   9.7967E-03   8.5221E-03
  2.8000   1.6855E-02   1.3615E-02   1.1344E-02   9.6826E-03   8.4247E-03
  2.8100   1.6640E-02   1.3448E-02   1.1208E-02   9.5698E-03   8.3285E-03
  2.8200   1.6427E-02   1.3282E-02   1.1075E-02   9.4584E-03   8.2333E-03
  2.8300   1.6217E-02   1.3119E-02   1.0943E-02   9.3483E-03   8.1393E-03
  2.8400   1.6010E-02   1.2958E-02   1.0812E-02   9.2395E-03   8.0463E-03
  2.8500   1.5805E-02   1.2799E-02   1.0684E-02   9.1321E-03   7.9545E-03
  2.8600   1.5604E-02   1.2642E-02   1.0556E-02   9.0259E-03   7.8637E-03
  2.8700   1.5405E-02   1.2487E-02   1.0431E-02   8.9209E-03   7.7740E-03
  2.8800   1.5209E-02   1.2334E-02   1.0307E-02   8.8172E-03   7.6853E-03
  2.8900   1.5015E-02   1.2183E-02   1.0184E-02   8.7148E-03   7.5976E-03
  2.9000   1.4824E-02   1.2034E-02   1.0063E-02   8.6136E-03   7.5110E-03
  2.9100   1.4636E-02   1.1886E-02   9.9433E-03   8.5135E-03   7.4253E-03
  2.9200   1.4450E-02   1.1741E-02   9.8252E-03   8.4147E-03   7.3407E-03
  2.9300   1.4266E-02   1.1597E-02   9.7085E-03   8.3170E-03   7.2570E-03
  2.9400   1.4085E-02   1.1456E-02   9.5933E-03   8.2205E-03   7.1744E-03
  2.9500   1.3906E-02   1.1316E-02   9.4794E-03   8.1252E-03   7.0926E-03
  2.9600   1.3730E-02   1.1177E-02   9.3669E-03   8.0309E-03   7.0118E-03
  2.9700   1.3556E-02   1.1041E-02   9.2559E-03   7.9378E-03   6.9320E-03
  2.9800   1.3385E-02   1.0906E-02   9.1461E-03   7.8458E-03   6.8531E-03
  2.9900   1.3215E-02   1.0773E-02   9.0377E-03   7.7549E-03   6.7751E-03
  3.0000   1.3048E-02   1.0642E-02   8.9306E-03   7.6650E-03   6.6980E-03
