 0.00000 0.00000
 0.00050 0.29273
 0.00100 0.42221
 0.00150 0.49924
 0.00200 0.55171
 0.00250 0.59036
 0.00300 0.62033
 0.00350 0.64444
 0.00400 0.66437
 0.00450 0.68119
 0.00500 0.69562
 0.00550 0.70819
 0.00600 0.71925
 0.00650 0.72908
 0.00700 0.73788
 0.00750 0.74583
 0.00800 0.75305
 0.00850 0.75965
 0.00900 0.76570
 0.00950 0.77128
 0.01000 0.77644
 0.01050 0.78123
 0.01100 0.78570
 0.01150 0.78987
 0.01200 0.79378
 0.01250 0.79746
 0.01300 0.80092
 0.01350 0.80418
 0.01400 0.80727
 0.01450 0.81019
 0.01500 0.81297
 0.01550 0.81560
 0.01600 0.81811
 0.01650 0.82050
 0.01700 0.82278
 0.01750 0.82496
 0.01800 0.82705
 0.01850 0.82904
 0.01900 0.83096
 0.01950 0.83280
 0.02000 0.83456
 0.02050 0.83626
 0.02100 0.83790
 0.02150 0.83947
 0.02200 0.84099
 0.02250 0.84245
 0.02300 0.84386
 0.02350 0.84523
 0.02400 0.84654
 0.02450 0.84782
 0.02500 0.84905
 0.02550 0.85025
 0.02600 0.85141
 0.02650 0.85253
 0.02700 0.85362
 0.02750 0.85468
 0.02800 0.85570
 0.02850 0.85670
 0.02900 0.85767
 0.02950 0.85861
 0.03000 0.85952
 0.03050 0.86041
 0.03100 0.86128
 0.03150 0.86213
 0.03200 0.86295
 0.03250 0.86375
 0.03300 0.86453
 0.03350 0.86529
 0.03400 0.86603
 0.03450 0.86676
 0.03500 0.86747
 0.03550 0.86816
 0.03600 0.86883
 0.03650 0.86949
 0.03700 0.87013
 0.03750 0.87076
 0.03800 0.87138
 0.03850 0.87198
 0.03900 0.87257
 0.03950 0.87314
 0.04000 0.87371
 0.04050 0.87426
 0.04100 0.87480
 0.04150 0.87532
 0.04200 0.87584
 0.04250 0.87635
 0.04300 0.87684
 0.04350 0.87733
 0.04400 0.87781
 0.04450 0.87828
 0.04500 0.87873
 0.04550 0.87918
 0.04600 0.87962
 0.04650 0.88006
 0.04700 0.88048
 0.04750 0.88090
 0.04800 0.88131
 0.04850 0.88171
 0.04900 0.88210
 0.04950 0.88249
 0.05000 0.88287
 0.05050 0.88324
 0.05100 0.88360
 0.05150 0.88396
 0.05200 0.88432
 0.05250 0.88467
 0.05300 0.88501
 0.05350 0.88534
 0.05400 0.88567
 0.05450 0.88600
 0.05500 0.88632
 0.05550 0.88663
 0.05600 0.88694
 0.05650 0.88724
 0.05700 0.88754
 0.05750 0.88783
 0.05800 0.88812
 0.05850 0.88841
 0.05900 0.88869
 0.05950 0.88896
 0.06000 0.88923
 0.06050 0.88950
 0.06100 0.88976
 0.06150 0.89002
 0.06200 0.89027
 0.06250 0.89052
 0.06300 0.89077
 0.06350 0.89101
 0.06400 0.89125
 0.06450 0.89149
 0.06500 0.89172
 0.06550 0.89195
 0.06600 0.89218
 0.06650 0.89240
 0.06700 0.89262
 0.06750 0.89283
 0.06800 0.89305
 0.06850 0.89326
 0.06900 0.89346
 0.06950 0.89367
 0.07000 0.89387
 0.07050 0.89407
 0.07100 0.89426
 0.07150 0.89445
 0.07200 0.89464
 0.07250 0.89483
 0.07300 0.89502
 0.07350 0.89520
 0.07400 0.89538
 0.07450 0.89555
 0.07500 0.89573
 0.07550 0.89590
 0.07600 0.89607
 0.07650 0.89624
 0.07700 0.89640
 0.07750 0.89657
 0.07800 0.89673
 0.07850 0.89689
 0.07900 0.89704
 0.07950 0.89720
 0.08000 0.89735
 0.08050 0.89750
 0.08100 0.89765
 0.08150 0.89780
 0.08200 0.89794
 0.08250 0.89809
 0.08300 0.89823
 0.08350 0.89837
 0.08400 0.89851
 0.08450 0.89864
 0.08500 0.89878
 0.08550 0.89891
 0.08600 0.89904
 0.08650 0.89917
 0.08700 0.89930
 0.08750 0.89942
 0.08800 0.89955
 0.08850 0.89967
 0.08900 0.89979
 0.08950 0.89991
 0.09000 0.90003
 0.09050 0.90015
 0.09100 0.90026
 0.09150 0.90038
 0.09200 0.90049
 0.09250 0.90060
 0.09300 0.90071
 0.09350 0.90082
 0.09400 0.90093
 0.09450 0.90103
 0.09500 0.90114
 0.09550 0.90124
 0.09600 0.90134
 0.09650 0.90144
 0.09700 0.90154
 0.09750 0.90164
 0.09800 0.90174
 0.09850 0.90184
 0.09900 0.90193
 0.09950 0.90203
 0.10000 0.90212
 0.10050 0.90221
 0.10100 0.90230
 0.10150 0.90239
 0.10200 0.90248
 0.10250 0.90257
 0.10300 0.90265
 0.10350 0.90274
 0.10400 0.90282
 0.10450 0.90291
 0.10500 0.90299
 0.10550 0.90307
 0.10600 0.90315
 0.10650 0.90323
 0.10700 0.90331
 0.10750 0.90339
 0.10800 0.90346
 0.10850 0.90354
 0.10900 0.90362
 0.10950 0.90369
 0.11000 0.90376
 0.11050 0.90384
 0.11100 0.90391
 0.11150 0.90398
 0.11200 0.90405
 0.11250 0.90412
 0.11300 0.90419
 0.11350 0.90426
 0.11400 0.90432
 0.11450 0.90439
 0.11500 0.90445
 0.11550 0.90452
 0.11600 0.90458
 0.11650 0.90465
 0.11700 0.90471
 0.11750 0.90477
 0.11800 0.90483
 0.11850 0.90489
 0.11900 0.90495
 0.11950 0.90501
 0.12000 0.90507
 0.12050 0.90513
 0.12100 0.90518
 0.12150 0.90524
 0.12200 0.90530
 0.12250 0.90535
 0.12300 0.90540
 0.12350 0.90546
 0.12400 0.90551
 0.12450 0.90556
 0.12500 0.90562
 0.12550 0.90567
 0.12600 0.90572
 0.12650 0.90577
 0.12700 0.90582
 0.12750 0.90587
 0.12800 0.90592
 0.12850 0.90596
 0.12900 0.90601
 0.12950 0.90606
 0.13000 0.90610
 0.13050 0.90615
 0.13100 0.90620
 0.13150 0.90624
 0.13200 0.90628
 0.13250 0.90633
 0.13300 0.90637
 0.13350 0.90641
 0.13400 0.90646
 0.13450 0.90650
 0.13500 0.90654
 0.13550 0.90658
 0.13600 0.90662
 0.13650 0.90666
 0.13700 0.90670
 0.13750 0.90674
 0.13800 0.90678
 0.13850 0.90681
 0.13900 0.90685
 0.13950 0.90689
 0.14000 0.90693
 0.14050 0.90696
 0.14100 0.90700
 0.14150 0.90703
 0.14200 0.90707
 0.14250 0.90710
 0.14300 0.90714
 0.14350 0.90717
 0.14400 0.90720
 0.14450 0.90724
 0.14500 0.90727
 0.14550 0.90730
 0.14600 0.90733
 0.14650 0.90736
 0.14700 0.90739
 0.14750 0.90742
 0.14800 0.90746
 0.14850 0.90748
 0.14900 0.90751
 0.14950 0.90754
 0.15000 0.90757
 0.15050 0.90760
 0.15100 0.90763
 0.15150 0.90766
 0.15200 0.90768
 0.15250 0.90771
 0.15300 0.90774
 0.15350 0.90776
 0.15400 0.90779
 0.15450 0.90781
 0.15500 0.90784
 0.15550 0.90787
 0.15600 0.90789
 0.15650 0.90791
 0.15700 0.90794
 0.15750 0.90796
 0.15800 0.90799
 0.15850 0.90801
 0.15900 0.90803
 0.15950 0.90805
 0.16000 0.90808
 0.16050 0.90810
 0.16100 0.90812
 0.16150 0.90814
 0.16200 0.90816
 0.16250 0.90818
 0.16300 0.90820
 0.16350 0.90822
 0.16400 0.90824
 0.16450 0.90826
 0.16500 0.90828
 0.16550 0.90830
 0.16600 0.90832
 0.16650 0.90834
 0.16700 0.90836
 0.16750 0.90837
 0.16800 0.90839
 0.16850 0.90841
 0.16900 0.90843
 0.16950 0.90844
 0.17000 0.90846
 0.17050 0.90848
 0.17100 0.90849
 0.17150 0.90851
 0.17200 0.90853
 0.17250 0.90854
 0.17300 0.90856
 0.17350 0.90857
 0.17400 0.90859
 0.17450 0.90860
 0.17500 0.90861
 0.17550 0.90863
 0.17600 0.90864
 0.17650 0.90866
 0.17700 0.90867
 0.17750 0.90868
 0.17800 0.90870
 0.17850 0.90871
 0.17900 0.90872
 0.17950 0.90873
 0.18000 0.90875
 0.18050 0.90876
 0.18100 0.90877
 0.18150 0.90878
 0.18200 0.90879
 0.18250 0.90880
 0.18300 0.90881
 0.18350 0.90883
 0.18400 0.90884
 0.18450 0.90885
 0.18500 0.90886
 0.18550 0.90887
 0.18600 0.90888
 0.18650 0.90889
 0.18700 0.90890
 0.18750 0.90890
 0.18800 0.90891
 0.18850 0.90892
 0.18900 0.90893
 0.18950 0.90894
 0.19000 0.90895
 0.19050 0.90896
 0.19100 0.90896
 0.19150 0.90897
 0.19200 0.90898
 0.19250 0.90899
 0.19300 0.90899
 0.19350 0.90900
 0.19400 0.90901
 0.19450 0.90901
 0.19500 0.90902
 0.19550 0.90903
 0.19600 0.90903
 0.19650 0.90904
 0.19700 0.90905
 0.19750 0.90905
 0.19800 0.90906
 0.19850 0.90906
 0.19900 0.90907
 0.19950 0.90907
 0.20000 0.90908
 0.20050 0.90908
 0.20100 0.90909
 0.20150 0.90909
 0.20200 0.90910
 0.20250 0.90910
 0.20300 0.90910
 0.20350 0.90911
 0.20400 0.90911
 0.20450 0.90912
 0.20500 0.90912
 0.20550 0.90912
 0.20600 0.90913
 0.20650 0.90913
 0.20700 0.90913
 0.20750 0.90914
 0.20800 0.90914
 0.20850 0.90914
 0.20900 0.90914
 0.20950 0.90914
 0.21000 0.90915
 0.21050 0.90915
 0.21100 0.90915
 0.21150 0.90915
 0.21200 0.90915
 0.21250 0.90916
 0.21300 0.90916
 0.21350 0.90916
 0.21400 0.90916
 0.21450 0.90916
 0.21500 0.90916
 0.21550 0.90916
 0.21600 0.90916
 0.21650 0.90916
 0.21700 0.90916
 0.21750 0.90916
 0.21800 0.90916
 0.21850 0.90916
 0.21900 0.90916
 0.21950 0.90916
 0.22000 0.90916
 0.22050 0.90916
 0.22100 0.90916
 0.22150 0.90916
 0.22200 0.90916
 0.22250 0.90916
 0.22300 0.90916
 0.22350 0.90916
 0.22400 0.90916
 0.22450 0.90916
 0.22500 0.90916
 0.22550 0.90915
 0.22600 0.90915
 0.22650 0.90915
 0.22700 0.90915
 0.22750 0.90915
 0.22800 0.90914
 0.22850 0.90914
 0.22900 0.90914
 0.22950 0.90914
 0.23000 0.90914
 0.23050 0.90913
 0.23100 0.90913
 0.23150 0.90913
 0.23200 0.90913
 0.23250 0.90912
 0.23300 0.90912
 0.23350 0.90912
 0.23400 0.90911
 0.23450 0.90911
 0.23500 0.90911
 0.23550 0.90910
 0.23600 0.90910
 0.23650 0.90910
 0.23700 0.90909
 0.23750 0.90909
 0.23800 0.90908
 0.23850 0.90908
 0.23900 0.90908
 0.23950 0.90907
 0.24000 0.90907
 0.24050 0.90906
 0.24100 0.90906
 0.24150 0.90906
 0.24200 0.90905
 0.24250 0.90905
 0.24300 0.90904
 0.24350 0.90904
 0.24400 0.90903
 0.24450 0.90903
 0.24500 0.90902
 0.24550 0.90902
 0.24600 0.90901
 0.24650 0.90901
 0.24700 0.90900
 0.24750 0.90900
 0.24800 0.90899
 0.24850 0.90898
 0.24900 0.90898
 0.24950 0.90897
 0.25000 0.90897
 0.25050 0.90896
 0.25100 0.90896
 0.25150 0.90895
 0.25200 0.90894
 0.25250 0.90894
 0.25300 0.90893
 0.25350 0.90892
 0.25400 0.90892
 0.25450 0.90891
 0.25500 0.90891
 0.25550 0.90890
 0.25600 0.90889
 0.25650 0.90889
 0.25700 0.90888
 0.25750 0.90887
 0.25800 0.90886
 0.25850 0.90886
 0.25900 0.90885
 0.25950 0.90884
 0.26000 0.90884
 0.26050 0.90883
 0.26100 0.90882
 0.26150 0.90881
 0.26200 0.90881
 0.26250 0.90880
 0.26300 0.90879
 0.26350 0.90878
 0.26400 0.90878
 0.26450 0.90877
 0.26500 0.90876
 0.26550 0.90875
 0.26600 0.90874
 0.26650 0.90874
 0.26700 0.90873
 0.26750 0.90872
 0.26800 0.90871
 0.26850 0.90870
 0.26900 0.90870
 0.26950 0.90869
 0.27000 0.90868
 0.27050 0.90867
 0.27100 0.90866
 0.27150 0.90865
 0.27200 0.90864
 0.27250 0.90864
 0.27300 0.90863
 0.27350 0.90862
 0.27400 0.90861
 0.27450 0.90860
 0.27500 0.90859
 0.27550 0.90858
 0.27600 0.90857
 0.27650 0.90856
 0.27700 0.90856
 0.27750 0.90855
 0.27800 0.90854
 0.27850 0.90853
 0.27900 0.90852
 0.27950 0.90851
 0.28000 0.90850
 0.28050 0.90849
 0.28100 0.90848
 0.28150 0.90847
 0.28200 0.90846
 0.28250 0.90845
 0.28300 0.90844
 0.28350 0.90843
 0.28400 0.90842
 0.28450 0.90841
 0.28500 0.90840
 0.28550 0.90839
 0.28600 0.90838
 0.28650 0.90837
 0.28700 0.90836
 0.28750 0.90835
 0.28800 0.90834
 0.28850 0.90833
 0.28900 0.90832
 0.28950 0.90831
 0.29000 0.90830
 0.29050 0.90829
 0.29100 0.90828
 0.29150 0.90827
 0.29200 0.90826
 0.29250 0.90825
 0.29300 0.90824
 0.29350 0.90823
 0.29400 0.90821
 0.29450 0.90820
 0.29500 0.90819
 0.29550 0.90818
 0.29600 0.90817
 0.29650 0.90816
 0.29700 0.90815
 0.29750 0.90814
 0.29800 0.90813
 0.29850 0.90812
 0.29900 0.90810
 0.29950 0.90809
 0.30000 0.90808
 0.30050 0.90807
 0.30100 0.90806
 0.30150 0.90805
 0.30200 0.90804
 0.30250 0.90803
 0.30300 0.90801
 0.30350 0.90800
 0.30400 0.90799
 0.30450 0.90798
 0.30500 0.90797
 0.30550 0.90796
 0.30600 0.90794
 0.30650 0.90793
 0.30700 0.90792
 0.30750 0.90791
 0.30800 0.90790
 0.30850 0.90789
 0.30900 0.90787
 0.30950 0.90786
 0.31000 0.90785
 0.31050 0.90784
 0.31100 0.90783
 0.31150 0.90781
 0.31200 0.90780
 0.31250 0.90779
 0.31300 0.90778
 0.31350 0.90776
 0.31400 0.90775
 0.31450 0.90774
 0.31500 0.90773
 0.31550 0.90772
 0.31600 0.90770
 0.31650 0.90769
 0.31700 0.90768
 0.31750 0.90767
 0.31800 0.90765
 0.31850 0.90764
 0.31900 0.90763
 0.31950 0.90762
 0.32000 0.90760
 0.32050 0.90759
 0.32100 0.90758
 0.32150 0.90757
 0.32200 0.90755
 0.32250 0.90754
 0.32300 0.90753
 0.32350 0.90751
 0.32400 0.90750
 0.32450 0.90749
 0.32500 0.90748
 0.32550 0.90746
 0.32600 0.90745
 0.32650 0.90744
 0.32700 0.90742
 0.32750 0.90741
 0.32800 0.90740
 0.32850 0.90738
 0.32900 0.90737
 0.32950 0.90736
 0.33000 0.90734
 0.33050 0.90733
 0.33100 0.90732
 0.33150 0.90731
 0.33200 0.90729
 0.33250 0.90728
 0.33300 0.90727
 0.33350 0.90725
 0.33400 0.90724
 0.33450 0.90722
 0.33500 0.90721
 0.33550 0.90720
 0.33600 0.90718
 0.33650 0.90717
 0.33700 0.90716
 0.33750 0.90714
 0.33800 0.90713
 0.33850 0.90712
 0.33900 0.90710
 0.33950 0.90709
 0.34000 0.90708
 0.34050 0.90706
 0.34100 0.90705
 0.34150 0.90703
 0.34200 0.90702
 0.34250 0.90701
 0.34300 0.90699
 0.34350 0.90698
 0.34400 0.90697
 0.34450 0.90695
 0.34500 0.90694
 0.34550 0.90692
 0.34600 0.90691
 0.34650 0.90690
 0.34700 0.90688
 0.34750 0.90687
 0.34800 0.90685
 0.34850 0.90684
 0.34900 0.90683
 0.34950 0.90681
 0.35000 0.90680
 0.35050 0.90678
 0.35100 0.90677
 0.35150 0.90675
 0.35200 0.90674
 0.35250 0.90673
 0.35300 0.90671
 0.35350 0.90670
 0.35400 0.90668
 0.35450 0.90667
 0.35500 0.90666
 0.35550 0.90664
 0.35600 0.90663
 0.35650 0.90661
 0.35700 0.90660
 0.35750 0.90658
 0.35800 0.90657
 0.35850 0.90655
 0.35900 0.90654
 0.35950 0.90653
 0.36000 0.90651
 0.36050 0.90650
 0.36100 0.90648
 0.36150 0.90647
 0.36200 0.90645
 0.36250 0.90644
 0.36300 0.90642
 0.36350 0.90641
 0.36400 0.90639
 0.36450 0.90638
 0.36500 0.90636
 0.36550 0.90635
 0.36600 0.90634
 0.36650 0.90632
 0.36700 0.90631
 0.36750 0.90629
 0.36800 0.90628
 0.36850 0.90626
 0.36900 0.90625
 0.36950 0.90623
 0.37000 0.90622
 0.37050 0.90620
 0.37100 0.90619
 0.37150 0.90617
 0.37200 0.90616
 0.37250 0.90614
 0.37300 0.90613
 0.37350 0.90611
 0.37400 0.90610
 0.37450 0.90608
 0.37500 0.90607
 0.37550 0.90605
 0.37600 0.90604
 0.37650 0.90602
 0.37700 0.90601
 0.37750 0.90599
 0.37800 0.90598
 0.37850 0.90596
 0.37900 0.90595
 0.37950 0.90593
 0.38000 0.90592
 0.38050 0.90590
 0.38100 0.90589
 0.38150 0.90587
 0.38200 0.90586
 0.38250 0.90584
 0.38300 0.90583
 0.38350 0.90581
 0.38400 0.90580
 0.38450 0.90578
 0.38500 0.90577
 0.38550 0.90575
 0.38600 0.90573
 0.38650 0.90572
 0.38700 0.90570
 0.38750 0.90569
 0.38800 0.90567
 0.38850 0.90566
 0.38900 0.90564
 0.38950 0.90563
 0.39000 0.90561
 0.39050 0.90560
 0.39100 0.90558
 0.39150 0.90557
 0.39200 0.90555
 0.39250 0.90553
 0.39300 0.90552
 0.39350 0.90550
 0.39400 0.90549
 0.39450 0.90547
 0.39500 0.90546
 0.39550 0.90544
 0.39600 0.90543
 0.39650 0.90541
 0.39700 0.90540
 0.39750 0.90538
 0.39800 0.90536
 0.39850 0.90535
 0.39900 0.90533
 0.39950 0.90532
 0.40000 0.90530
 0.40050 0.90529
 0.40100 0.90527
 0.40150 0.90525
 0.40200 0.90524
 0.40250 0.90522
 0.40300 0.90521
 0.40350 0.90519
 0.40400 0.90518
 0.40450 0.90516
 0.40500 0.90514
 0.40550 0.90513
 0.40600 0.90511
 0.40650 0.90510
 0.40700 0.90508
 0.40750 0.90507
 0.40800 0.90505
 0.40850 0.90503
 0.40900 0.90502
 0.40950 0.90500
 0.41000 0.90499
 0.41050 0.90497
 0.41100 0.90496
 0.41150 0.90494
 0.41200 0.90492
 0.41250 0.90491
 0.41300 0.90489
 0.41350 0.90488
 0.41400 0.90486
 0.41450 0.90484
 0.41500 0.90483
 0.41550 0.90481
 0.41600 0.90480
 0.41650 0.90478
 0.41700 0.90476
 0.41750 0.90475
 0.41800 0.90473
 0.41850 0.90472
 0.41900 0.90470
 0.41950 0.90468
 0.42000 0.90467
 0.42050 0.90465
 0.42100 0.90464
 0.42150 0.90462
 0.42200 0.90460
 0.42250 0.90459
 0.42300 0.90457
 0.42350 0.90456
 0.42400 0.90454
 0.42450 0.90452
 0.42500 0.90451
 0.42550 0.90449
 0.42600 0.90448
 0.42650 0.90446
 0.42700 0.90444
 0.42750 0.90443
 0.42800 0.90441
 0.42850 0.90440
 0.42900 0.90438
 0.42950 0.90436
 0.43000 0.90435
 0.43050 0.90433
 0.43100 0.90432
 0.43150 0.90430
 0.43200 0.90428
 0.43250 0.90427
 0.43300 0.90425
 0.43350 0.90423
 0.43400 0.90422
 0.43450 0.90420
 0.43500 0.90419
 0.43550 0.90417
 0.43600 0.90415
 0.43650 0.90414
 0.43700 0.90412
 0.43750 0.90411
 0.43800 0.90409
 0.43850 0.90407
 0.43900 0.90406
 0.43950 0.90404
 0.44000 0.90402
 0.44050 0.90401
 0.44100 0.90399
 0.44150 0.90398
 0.44200 0.90396
 0.44250 0.90394
 0.44300 0.90393
 0.44350 0.90391
 0.44400 0.90389
 0.44450 0.90388
 0.44500 0.90386
 0.44550 0.90384
 0.44600 0.90383
 0.44650 0.90381
 0.44700 0.90380
 0.44750 0.90378
 0.44800 0.90376
 0.44850 0.90375
 0.44900 0.90373
 0.44950 0.90371
 0.45000 0.90370
 0.45050 0.90368
 0.45100 0.90367
 0.45150 0.90365
 0.45200 0.90363
 0.45250 0.90362
 0.45300 0.90360
 0.45350 0.90358
 0.45400 0.90357
 0.45450 0.90355
 0.45500 0.90353
 0.45550 0.90352
 0.45600 0.90350
 0.45650 0.90349
 0.45700 0.90347
 0.45750 0.90345
 0.45800 0.90344
 0.45850 0.90342
 0.45900 0.90340
 0.45950 0.90339
 0.46000 0.90337
 0.46050 0.90335
 0.46100 0.90334
 0.46150 0.90332
 0.46200 0.90330
 0.46250 0.90329
 0.46300 0.90327
 0.46350 0.90326
 0.46400 0.90324
 0.46450 0.90322
 0.46500 0.90321
 0.46550 0.90319
 0.46600 0.90317
 0.46650 0.90316
 0.46700 0.90314
 0.46750 0.90312
 0.46800 0.90311
 0.46850 0.90309
 0.46900 0.90307
 0.46950 0.90306
 0.47000 0.90304
 0.47050 0.90302
 0.47100 0.90301
 0.47150 0.90299
 0.47200 0.90297
 0.47250 0.90296
 0.47300 0.90294
 0.47350 0.90293
 0.47400 0.90291
 0.47450 0.90289
 0.47500 0.90288
 0.47550 0.90286
 0.47600 0.90284
 0.47650 0.90283
 0.47700 0.90281
 0.47750 0.90279
 0.47800 0.90278
 0.47850 0.90276
 0.47900 0.90274
 0.47950 0.90273
 0.48000 0.90271
 0.48050 0.90269
 0.48100 0.90268
 0.48150 0.90266
 0.48200 0.90264
 0.48250 0.90263
 0.48300 0.90261
 0.48350 0.90259
 0.48400 0.90258
 0.48450 0.90256
 0.48500 0.90254
 0.48550 0.90253
 0.48600 0.90251
 0.48650 0.90250
 0.48700 0.90248
 0.48750 0.90246
 0.48800 0.90245
 0.48850 0.90243
 0.48900 0.90241
 0.48950 0.90240
 0.49000 0.90238
 0.49050 0.90236
 0.49100 0.90235
 0.49150 0.90233
 0.49200 0.90231
 0.49250 0.90230
 0.49300 0.90228
 0.49350 0.90226
 0.49400 0.90225
 0.49450 0.90223
 0.49500 0.90221
 0.49550 0.90220
 0.49600 0.90218
 0.49650 0.90216
 0.49700 0.90215
 0.49750 0.90213
 0.49800 0.90211
 0.49850 0.90210
 0.49900 0.90208
 0.49950 0.90206
 0.50000 0.90205
 0.50050 0.90203
 0.50100 0.90201
 0.50150 0.90200
 0.50200 0.90198
 0.50250 0.90196
 0.50300 0.90195
 0.50350 0.90193
 0.50400 0.90191
 0.50450 0.90190
 0.50500 0.90188
 0.50550 0.90186
 0.50600 0.90185
 0.50650 0.90183
 0.50700 0.90181
 0.50750 0.90180
 0.50800 0.90178
 0.50850 0.90176
 0.50900 0.90175
 0.50950 0.90173
 0.51000 0.90171
 0.51050 0.90170
 0.51100 0.90168
 0.51150 0.90166
 0.51200 0.90165
 0.51250 0.90163
 0.51300 0.90161
 0.51350 0.90160
 0.51400 0.90158
 0.51450 0.90157
 0.51500 0.90155
 0.51550 0.90153
 0.51600 0.90152
 0.51650 0.90150
 0.51700 0.90148
 0.51750 0.90147
 0.51800 0.90145
 0.51850 0.90143
 0.51900 0.90142
 0.51950 0.90140
 0.52000 0.90138
 0.52050 0.90137
 0.52100 0.90135
 0.52150 0.90133
 0.52200 0.90132
 0.52250 0.90130
 0.52300 0.90128
 0.52350 0.90127
 0.52400 0.90125
 0.52450 0.90123
 0.52500 0.90122
 0.52550 0.90120
 0.52600 0.90118
 0.52650 0.90117
 0.52700 0.90115
 0.52750 0.90113
 0.52800 0.90112
 0.52850 0.90110
 0.52900 0.90108
 0.52950 0.90107
 0.53000 0.90105
 0.53050 0.90103
 0.53100 0.90102
 0.53150 0.90100
 0.53200 0.90098
 0.53250 0.90097
 0.53300 0.90095
 0.53350 0.90093
 0.53400 0.90092
 0.53450 0.90090
 0.53500 0.90088
 0.53550 0.90087
 0.53600 0.90085
 0.53650 0.90083
 0.53700 0.90082
 0.53750 0.90080
 0.53800 0.90078
 0.53850 0.90077
 0.53900 0.90075
 0.53950 0.90073
 0.54000 0.90072
 0.54050 0.90070
 0.54100 0.90068
 0.54150 0.90067
 0.54200 0.90065
 0.54250 0.90063
 0.54300 0.90062
 0.54350 0.90060
 0.54400 0.90058
 0.54450 0.90057
 0.54500 0.90055
 0.54550 0.90053
 0.54600 0.90052
 0.54650 0.90050
 0.54700 0.90048
 0.54750 0.90047
 0.54800 0.90045
 0.54850 0.90043
 0.54900 0.90042
 0.54950 0.90040
 0.55000 0.90038
 0.55050 0.90037
 0.55100 0.90035
 0.55150 0.90034
 0.55200 0.90032
 0.55250 0.90030
 0.55300 0.90029
 0.55350 0.90027
 0.55400 0.90025
 0.55450 0.90024
 0.55500 0.90022
 0.55550 0.90020
 0.55600 0.90019
 0.55650 0.90017
 0.55700 0.90015
 0.55750 0.90014
 0.55800 0.90012
 0.55850 0.90010
 0.55900 0.90009
 0.55950 0.90007
 0.56000 0.90005
 0.56050 0.90004
 0.56100 0.90002
 0.56150 0.90000
 0.56200 0.89999
 0.56250 0.89997
 0.56300 0.89995
 0.56350 0.89994
 0.56400 0.89992
 0.56450 0.89990
 0.56500 0.89989
 0.56550 0.89987
 0.56600 0.89985
 0.56650 0.89984
 0.56700 0.89982
 0.56750 0.89980
 0.56800 0.89979
 0.56850 0.89977
 0.56900 0.89976
 0.56950 0.89974
 0.57000 0.89972
 0.57050 0.89971
 0.57100 0.89969
 0.57150 0.89967
 0.57200 0.89966
 0.57250 0.89964
 0.57300 0.89962
 0.57350 0.89961
 0.57400 0.89959
 0.57450 0.89957
 0.57500 0.89956
 0.57550 0.89954
 0.57600 0.89952
 0.57650 0.89951
 0.57700 0.89949
 0.57750 0.89947
 0.57800 0.89946
 0.57850 0.89944
 0.57900 0.89942
 0.57950 0.89941
 0.58000 0.89939
 0.58050 0.89938
 0.58100 0.89936
 0.58150 0.89934
 0.58200 0.89933
 0.58250 0.89931
 0.58300 0.89929
 0.58350 0.89928
 0.58400 0.89926
 0.58450 0.89924
 0.58500 0.89923
 0.58550 0.89921
 0.58600 0.89919
 0.58650 0.89918
 0.58700 0.89916
 0.58750 0.89914
 0.58800 0.89913
 0.58850 0.89911
 0.58900 0.89910
 0.58950 0.89908
 0.59000 0.89906
 0.59050 0.89905
 0.59100 0.89903
 0.59150 0.89901
 0.59200 0.89900
 0.59250 0.89898
 0.59300 0.89896
 0.59350 0.89895
 0.59400 0.89893
 0.59450 0.89891
 0.59500 0.89890
 0.59550 0.89888
 0.59600 0.89887
 0.59650 0.89885
 0.59700 0.89883
 0.59750 0.89882
 0.59800 0.89880
 0.59850 0.89878
 0.59900 0.89877
 0.59950 0.89875
 0.60000 0.89873
 0.60050 0.89872
 0.60100 0.89870
 0.60150 0.89868
 0.60200 0.89867
 0.60250 0.89865
 0.60300 0.89864
 0.60350 0.89862
 0.60400 0.89860
 0.60450 0.89859
 0.60500 0.89857
 0.60550 0.89855
 0.60600 0.89854
 0.60650 0.89852
 0.60700 0.89850
 0.60750 0.89849
 0.60800 0.89847
 0.60850 0.89846
 0.60900 0.89844
 0.60950 0.89842
 0.61000 0.89841
 0.61050 0.89839
 0.61100 0.89837
 0.61150 0.89836
 0.61200 0.89834
 0.61250 0.89832
 0.61300 0.89831
 0.61350 0.89829
 0.61400 0.89828
 0.61450 0.89826
 0.61500 0.89824
 0.61550 0.89823
 0.61600 0.89821
 0.61650 0.89819
 0.61700 0.89818
 0.61750 0.89816
 0.61800 0.89815
 0.61850 0.89813
 0.61900 0.89811
 0.61950 0.89810
 0.62000 0.89808
 0.62050 0.89806
 0.62100 0.89805
 0.62150 0.89803
 0.62200 0.89801
 0.62250 0.89800
 0.62300 0.89798
 0.62350 0.89797
 0.62400 0.89795
 0.62450 0.89793
 0.62500 0.89792
 0.62550 0.89790
 0.62600 0.89788
 0.62650 0.89787
 0.62700 0.89785
 0.62750 0.89784
 0.62800 0.89782
 0.62850 0.89780
 0.62900 0.89779
 0.62950 0.89777
 0.63000 0.89775
 0.63050 0.89774
 0.63100 0.89772
 0.63150 0.89771
 0.63200 0.89769
 0.63250 0.89767
 0.63300 0.89766
 0.63350 0.89764
 0.63400 0.89762
 0.63450 0.89761
 0.63500 0.89759
 0.63550 0.89758
 0.63600 0.89756
 0.63650 0.89754
 0.63700 0.89753
 0.63750 0.89751
 0.63800 0.89750
 0.63850 0.89748
 0.63900 0.89746
 0.63950 0.89745
 0.64000 0.89743
 0.64050 0.89741
 0.64100 0.89740
 0.64150 0.89738
 0.64200 0.89737
 0.64250 0.89735
 0.64300 0.89733
 0.64350 0.89732
 0.64400 0.89730
 0.64450 0.89729
 0.64500 0.89727
 0.64550 0.89725
 0.64600 0.89724
 0.64650 0.89722
 0.64700 0.89720
 0.64750 0.89719
 0.64800 0.89717
 0.64850 0.89716
 0.64900 0.89714
 0.64950 0.89712
 0.65000 0.89711
 0.65050 0.89709
 0.65100 0.89708
 0.65150 0.89706
 0.65200 0.89704
 0.65250 0.89703
 0.65300 0.89701
 0.65350 0.89700
 0.65400 0.89698
 0.65450 0.89696
 0.65500 0.89695
 0.65550 0.89693
 0.65600 0.89691
 0.65650 0.89690
 0.65700 0.89688
 0.65750 0.89687
 0.65800 0.89685
 0.65850 0.89683
 0.65900 0.89682
 0.65950 0.89680
 0.66000 0.89679
 0.66050 0.89677
 0.66100 0.89675
 0.66150 0.89674
 0.66200 0.89672
 0.66250 0.89671
 0.66300 0.89669
 0.66350 0.89667
 0.66400 0.89666
 0.66450 0.89664
 0.66500 0.89663
 0.66550 0.89661
 0.66600 0.89659
 0.66650 0.89658
 0.66700 0.89656
 0.66750 0.89655
 0.66800 0.89653
 0.66850 0.89651
 0.66900 0.89650
 0.66950 0.89648
 0.67000 0.89647
 0.67050 0.89645
 0.67100 0.89643
 0.67150 0.89642
 0.67200 0.89640
 0.67250 0.89639
 0.67300 0.89637
 0.67350 0.89636
 0.67400 0.89634
 0.67450 0.89632
 0.67500 0.89631
 0.67550 0.89629
 0.67600 0.89628
 0.67650 0.89626
 0.67700 0.89624
 0.67750 0.89623
 0.67800 0.89621
 0.67850 0.89620
 0.67900 0.89618
 0.67950 0.89616
 0.68000 0.89615
 0.68050 0.89613
 0.68100 0.89612
 0.68150 0.89610
 0.68200 0.89608
 0.68250 0.89607
 0.68300 0.89605
 0.68350 0.89604
 0.68400 0.89602
 0.68450 0.89601
 0.68500 0.89599
 0.68550 0.89597
 0.68600 0.89596
 0.68650 0.89594
 0.68700 0.89593
 0.68750 0.89591
 0.68800 0.89589
 0.68850 0.89588
 0.68900 0.89586
 0.68950 0.89585
 0.69000 0.89583
 0.69050 0.89582
 0.69100 0.89580
 0.69150 0.89578
 0.69200 0.89577
 0.69250 0.89575
 0.69300 0.89574
 0.69350 0.89572
 0.69400 0.89570
 0.69450 0.89569
 0.69500 0.89567
 0.69550 0.89566
 0.69600 0.89564
 0.69650 0.89563
 0.69700 0.89561
 0.69750 0.89559
 0.69800 0.89558
 0.69850 0.89556
 0.69900 0.89555
 0.69950 0.89553
 0.70000 0.89552
 0.70050 0.89550
 0.70100 0.89548
 0.70150 0.89547
 0.70200 0.89545
 0.70250 0.89544
 0.70300 0.89542
 0.70350 0.89541
 0.70400 0.89539
 0.70450 0.89537
 0.70500 0.89536
 0.70550 0.89534
 0.70600 0.89533
 0.70650 0.89531
 0.70700 0.89530
 0.70750 0.89528
 0.70800 0.89526
 0.70850 0.89525
 0.70900 0.89523
 0.70950 0.89522
 0.71000 0.89520
 0.71050 0.89519
 0.71100 0.89517
 0.71150 0.89516
 0.71200 0.89514
 0.71250 0.89512
 0.71300 0.89511
 0.71350 0.89509
 0.71400 0.89508
 0.71450 0.89506
 0.71500 0.89505
 0.71550 0.89503
 0.71600 0.89501
 0.71650 0.89500
 0.71700 0.89498
 0.71750 0.89497
 0.71800 0.89495
 0.71850 0.89494
 0.71900 0.89492
 0.71950 0.89491
 0.72000 0.89489
 0.72050 0.89487
 0.72100 0.89486
 0.72150 0.89484
 0.72200 0.89483
 0.72250 0.89481
 0.72300 0.89480
 0.72350 0.89478
 0.72400 0.89477
 0.72450 0.89475
 0.72500 0.89473
 0.72550 0.89472
 0.72600 0.89470
 0.72650 0.89469
 0.72700 0.89467
 0.72750 0.89466
 0.72800 0.89464
 0.72850 0.89463
 0.72900 0.89461
 0.72950 0.89459
 0.73000 0.89458
 0.73050 0.89456
 0.73100 0.89455
 0.73150 0.89453
 0.73200 0.89452
 0.73250 0.89450
 0.73300 0.89449
 0.73350 0.89447
 0.73400 0.89446
 0.73450 0.89444
 0.73500 0.89442
 0.73550 0.89441
 0.73600 0.89439
 0.73650 0.89438
 0.73700 0.89436
 0.73750 0.89435
 0.73800 0.89433
 0.73850 0.89432
 0.73900 0.89430
 0.73950 0.89429
 0.74000 0.89427
 0.74050 0.89425
 0.74100 0.89424
 0.74150 0.89422
 0.74200 0.89421
 0.74250 0.89419
 0.74300 0.89418
 0.74350 0.89416
 0.74400 0.89415
 0.74450 0.89413
 0.74500 0.89412
 0.74550 0.89410
 0.74600 0.89409
 0.74650 0.89407
 0.74700 0.89405
 0.74750 0.89404
 0.74800 0.89402
 0.74850 0.89401
 0.74900 0.89399
 0.74950 0.89398
 0.75000 0.89396
 0.75050 0.89395
 0.75100 0.89393
 0.75150 0.89392
 0.75200 0.89390
 0.75250 0.89389
 0.75300 0.89387
 0.75350 0.89386
 0.75400 0.89384
 0.75450 0.89383
 0.75500 0.89381
 0.75550 0.89379
 0.75600 0.89378
 0.75650 0.89376
 0.75700 0.89375
 0.75750 0.89373
 0.75800 0.89372
 0.75850 0.89370
 0.75900 0.89369
 0.75950 0.89367
 0.76000 0.89366
 0.76050 0.89364
 0.76100 0.89363
 0.76150 0.89361
 0.76200 0.89360
 0.76250 0.89358
 0.76300 0.89357
 0.76350 0.89355
 0.76400 0.89354
 0.76450 0.89352
 0.76500 0.89351
 0.76550 0.89349
 0.76600 0.89347
 0.76650 0.89346
 0.76700 0.89344
 0.76750 0.89343
 0.76800 0.89341
 0.76850 0.89340
 0.76900 0.89338
 0.76950 0.89337
 0.77000 0.89335
 0.77050 0.89334
 0.77100 0.89332
 0.77150 0.89331
 0.77200 0.89329
 0.77250 0.89328
 0.77300 0.89326
 0.77350 0.89325
 0.77400 0.89323
 0.77450 0.89322
 0.77500 0.89320
 0.77550 0.89319
 0.77600 0.89317
 0.77650 0.89316
 0.77700 0.89314
 0.77750 0.89313
 0.77800 0.89311
 0.77850 0.89310
 0.77900 0.89308
 0.77950 0.89307
 0.78000 0.89305
 0.78050 0.89304
 0.78100 0.89302
 0.78150 0.89301
 0.78200 0.89299
 0.78250 0.89298
 0.78300 0.89296
 0.78350 0.89295
 0.78400 0.89293
 0.78450 0.89292
 0.78500 0.89290
 0.78550 0.89289
 0.78600 0.89287
 0.78650 0.89286
 0.78700 0.89284
 0.78750 0.89283
 0.78800 0.89281
 0.78850 0.89280
 0.78900 0.89278
 0.78950 0.89277
 0.79000 0.89275
 0.79050 0.89274
 0.79100 0.89272
 0.79150 0.89271
 0.79200 0.89269
 0.79250 0.89268
 0.79300 0.89266
 0.79350 0.89265
 0.79400 0.89263
 0.79450 0.89262
 0.79500 0.89260
 0.79550 0.89259
 0.79600 0.89257
 0.79650 0.89256
 0.79700 0.89254
 0.79750 0.89253
 0.79800 0.89251
 0.79850 0.89250
 0.79900 0.89248
 0.79950 0.89247
 0.80000 0.89245
 0.80050 0.89244
 0.80100 0.89242
 0.80150 0.89241
 0.80200 0.89239
 0.80250 0.89238
 0.80300 0.89236
 0.80350 0.89235
 0.80400 0.89233
 0.80450 0.89232
 0.80500 0.89230
 0.80550 0.89229
 0.80600 0.89227
 0.80650 0.89226
 0.80700 0.89224
 0.80750 0.89223
 0.80800 0.89221
 0.80850 0.89220
 0.80900 0.89219
 0.80950 0.89217
 0.81000 0.89216
 0.81050 0.89214
 0.81100 0.89213
 0.81150 0.89211
 0.81200 0.89210
 0.81250 0.89208
 0.81300 0.89207
 0.81350 0.89205
 0.81400 0.89204
 0.81450 0.89202
 0.81500 0.89201
 0.81550 0.89199
 0.81600 0.89198
 0.81650 0.89196
 0.81700 0.89195
 0.81750 0.89193
 0.81800 0.89192
 0.81850 0.89190
 0.81900 0.89189
 0.81950 0.89188
 0.82000 0.89186
 0.82050 0.89185
 0.82100 0.89183
 0.82150 0.89182
 0.82200 0.89180
 0.82250 0.89179
 0.82300 0.89177
 0.82350 0.89176
 0.82400 0.89174
 0.82450 0.89173
 0.82500 0.89171
 0.82550 0.89170
 0.82600 0.89168
 0.82650 0.89167
 0.82700 0.89165
 0.82750 0.89164
 0.82800 0.89163
 0.82850 0.89161
 0.82900 0.89160
 0.82950 0.89158
 0.83000 0.89157
 0.83050 0.89155
 0.83100 0.89154
 0.83150 0.89152
 0.83200 0.89151
 0.83250 0.89149
 0.83300 0.89148
 0.83350 0.89146
 0.83400 0.89145
 0.83450 0.89144
 0.83500 0.89142
 0.83550 0.89141
 0.83600 0.89139
 0.83650 0.89138
 0.83700 0.89136
 0.83750 0.89135
 0.83800 0.89133
 0.83850 0.89132
 0.83900 0.89130
 0.83950 0.89129
 0.84000 0.89128
 0.84050 0.89126
 0.84100 0.89125
 0.84150 0.89123
 0.84200 0.89122
 0.84250 0.89120
 0.84300 0.89119
 0.84350 0.89117
 0.84400 0.89116
 0.84450 0.89114
 0.84500 0.89113
 0.84550 0.89112
 0.84600 0.89110
 0.84650 0.89109
 0.84700 0.89107
 0.84750 0.89106
 0.84800 0.89104
 0.84850 0.89103
 0.84900 0.89101
 0.84950 0.89100
 0.85000 0.89099
 0.85050 0.89097
 0.85100 0.89096
 0.85150 0.89094
 0.85200 0.89093
 0.85250 0.89091
 0.85300 0.89090
 0.85350 0.89088
 0.85400 0.89087
 0.85450 0.89086
 0.85500 0.89084
 0.85550 0.89083
 0.85600 0.89081
 0.85650 0.89080
 0.85700 0.89078
 0.85750 0.89077
 0.85800 0.89076
 0.85850 0.89074
 0.85900 0.89073
 0.85950 0.89071
 0.86000 0.89070
 0.86050 0.89068
 0.86100 0.89067
 0.86150 0.89065
 0.86200 0.89064
 0.86250 0.89063
 0.86300 0.89061
 0.86350 0.89060
 0.86400 0.89058
 0.86450 0.89057
 0.86500 0.89055
 0.86550 0.89054
 0.86600 0.89053
 0.86650 0.89051
 0.86700 0.89050
 0.86750 0.89048
 0.86800 0.89047
 0.86850 0.89045
 0.86900 0.89044
 0.86950 0.89043
 0.87000 0.89041
 0.87050 0.89040
 0.87100 0.89038
 0.87150 0.89037
 0.87200 0.89035
 0.87250 0.89034
 0.87300 0.89033
 0.87350 0.89031
 0.87400 0.89030
 0.87450 0.89028
 0.87500 0.89027
 0.87550 0.89026
 0.87600 0.89024
 0.87650 0.89023
 0.87700 0.89021
 0.87750 0.89020
 0.87800 0.89018
 0.87850 0.89017
 0.87900 0.89016
 0.87950 0.89014
 0.88000 0.89013
 0.88050 0.89011
 0.88100 0.89010
 0.88150 0.89008
 0.88200 0.89007
 0.88250 0.89006
 0.88300 0.89004
 0.88350 0.89003
 0.88400 0.89001
 0.88450 0.89000
 0.88500 0.88999
 0.88550 0.88997
 0.88600 0.88996
 0.88650 0.88994
 0.88700 0.88993
 0.88750 0.88992
 0.88800 0.88990
 0.88850 0.88989
 0.88900 0.88987
 0.88950 0.88986
 0.89000 0.88984
 0.89050 0.88983
 0.89100 0.88982
 0.89150 0.88980
 0.89200 0.88979
 0.89250 0.88977
 0.89300 0.88976
 0.89350 0.88975
 0.89400 0.88973
 0.89450 0.88972
 0.89500 0.88970
 0.89550 0.88969
 0.89600 0.88968
 0.89650 0.88966
 0.89700 0.88965
 0.89750 0.88963
 0.89800 0.88962
 0.89850 0.88961
 0.89900 0.88959
 0.89950 0.88958
 0.90000 0.88956
 0.90050 0.88955
 0.90100 0.88954
 0.90150 0.88952
 0.90200 0.88951
 0.90250 0.88949
 0.90300 0.88948
 0.90350 0.88947
 0.90400 0.88945
 0.90450 0.88944
 0.90500 0.88942
 0.90550 0.88941
 0.90600 0.88940
 0.90650 0.88938
 0.90700 0.88937
 0.90750 0.88935
 0.90800 0.88934
 0.90850 0.88933
 0.90900 0.88931
 0.90950 0.88930
 0.91000 0.88928
 0.91050 0.88927
 0.91100 0.88926
 0.91150 0.88924
 0.91200 0.88923
 0.91250 0.88922
 0.91300 0.88920
 0.91350 0.88919
 0.91400 0.88917
 0.91450 0.88916
 0.91500 0.88915
 0.91550 0.88913
 0.91600 0.88912
 0.91650 0.88910
 0.91700 0.88909
 0.91750 0.88908
 0.91800 0.88906
 0.91850 0.88905
 0.91900 0.88904
 0.91950 0.88902
 0.92000 0.88901
 0.92050 0.88899
 0.92100 0.88898
 0.92150 0.88897
 0.92200 0.88895
 0.92250 0.88894
 0.92300 0.88892
 0.92350 0.88891
 0.92400 0.88890
 0.92450 0.88888
 0.92500 0.88887
 0.92550 0.88886
 0.92600 0.88884
 0.92650 0.88883
 0.92700 0.88881
 0.92750 0.88880
 0.92800 0.88879
 0.92850 0.88877
 0.92900 0.88876
 0.92950 0.88875
 0.93000 0.88873
 0.93050 0.88872
 0.93100 0.88870
 0.93150 0.88869
 0.93200 0.88868
 0.93250 0.88866
 0.93300 0.88865
 0.93350 0.88864
 0.93400 0.88862
 0.93450 0.88861
 0.93500 0.88860
 0.93550 0.88858
 0.93600 0.88857
 0.93650 0.88855
 0.93700 0.88854
 0.93750 0.88853
 0.93800 0.88851
 0.93850 0.88850
 0.93900 0.88849
 0.93950 0.88847
 0.94000 0.88846
 0.94050 0.88844
 0.94100 0.88843
 0.94150 0.88842
 0.94200 0.88840
 0.94250 0.88839
 0.94300 0.88838
 0.94350 0.88836
 0.94400 0.88835
 0.94450 0.88834
 0.94500 0.88832
 0.94550 0.88831
 0.94600 0.88830
 0.94650 0.88828
 0.94700 0.88827
 0.94750 0.88825
 0.94800 0.88824
 0.94850 0.88823
 0.94900 0.88821
 0.94950 0.88820
 0.95000 0.88819
 0.95050 0.88817
 0.95100 0.88816
 0.95150 0.88815
 0.95200 0.88813
 0.95250 0.88812
 0.95300 0.88811
 0.95350 0.88809
 0.95400 0.88808
 0.95450 0.88806
 0.95500 0.88805
 0.95550 0.88804
 0.95600 0.88802
 0.95650 0.88801
 0.95700 0.88800
 0.95750 0.88798
 0.95800 0.88797
 0.95850 0.88796
 0.95900 0.88794
 0.95950 0.88793
 0.96000 0.88792
 0.96050 0.88790
 0.96100 0.88789
 0.96150 0.88788
 0.96200 0.88786
 0.96250 0.88785
 0.96300 0.88784
 0.96350 0.88782
 0.96400 0.88781
 0.96450 0.88780
 0.96500 0.88778
 0.96550 0.88777
 0.96600 0.88776
 0.96650 0.88774
 0.96700 0.88773
 0.96750 0.88772
 0.96800 0.88770
 0.96850 0.88769
 0.96900 0.88767
 0.96950 0.88766
 0.97000 0.88765
 0.97050 0.88763
 0.97100 0.88762
 0.97150 0.88761
 0.97200 0.88759
 0.97250 0.88758
 0.97300 0.88757
 0.97350 0.88755
 0.97400 0.88754
 0.97450 0.88753
 0.97500 0.88751
 0.97550 0.88750
 0.97600 0.88749
 0.97650 0.88747
 0.97700 0.88746
 0.97750 0.88745
 0.97800 0.88743
 0.97850 0.88742
 0.97900 0.88741
 0.97950 0.88739
 0.98000 0.88738
 0.98050 0.88737
 0.98100 0.88736
 0.98150 0.88734
 0.98200 0.88733
 0.98250 0.88732
 0.98300 0.88730
 0.98350 0.88729
 0.98400 0.88728
 0.98450 0.88726
 0.98500 0.88725
 0.98550 0.88724
 0.98600 0.88722
 0.98650 0.88721
 0.98700 0.88720
 0.98750 0.88718
 0.98800 0.88717
 0.98850 0.88716
 0.98900 0.88714
 0.98950 0.88713
 0.99000 0.88712
 0.99050 0.88710
 0.99100 0.88709
 0.99150 0.88708
 0.99200 0.88706
 0.99250 0.88705
 0.99300 0.88704
 0.99350 0.88702
 0.99400 0.88701
 0.99450 0.88700
 0.99500 0.88698
 0.99550 0.88697
 0.99600 0.88696
 0.99650 0.88695
 0.99700 0.88693
 0.99750 0.88692
 0.99800 0.88691
 0.99850 0.88689
 0.99900 0.88688
 0.99950 0.88687
 1.00000 0.88685
 1.00050 0.88684
