 0.00000 1.00000
 0.00050 0.70710
 0.00100 0.57733
 0.00150 0.49997
 0.00200 0.44717
 0.00250 0.40820
 0.00300 0.37790
 0.00350 0.35349
 0.00400 0.33326
 0.00450 0.31614
 0.00500 0.30142
 0.00550 0.28858
 0.00600 0.27725
 0.00650 0.26715
 0.00700 0.25808
 0.00750 0.24988
 0.00800 0.24241
 0.00850 0.23557
 0.00900 0.22928
 0.00950 0.22346
 0.01000 0.21807
 0.01050 0.21305
 0.01100 0.20836
 0.01150 0.20396
 0.01200 0.19983
 0.01250 0.19595
 0.01300 0.19228
 0.01350 0.18880
 0.01400 0.18551
 0.01450 0.18239
 0.01500 0.17941
 0.01550 0.17658
 0.01600 0.17388
 0.01650 0.17130
 0.01700 0.16882
 0.01750 0.16646
 0.01800 0.16418
 0.01850 0.16200
 0.01900 0.15991
 0.01950 0.15789
 0.02000 0.15594
 0.02050 0.15407
 0.02100 0.15226
 0.02150 0.15052
 0.02200 0.14883
 0.02250 0.14720
 0.02300 0.14562
 0.02350 0.14409
 0.02400 0.14260
 0.02450 0.14116
 0.02500 0.13977
 0.02550 0.13841
 0.02600 0.13709
 0.02650 0.13581
 0.02700 0.13457
 0.02750 0.13335
 0.02800 0.13217
 0.02850 0.13102
 0.02900 0.12990
 0.02950 0.12881
 0.03000 0.12774
 0.03050 0.12671
 0.03100 0.12569
 0.03150 0.12470
 0.03200 0.12373
 0.03250 0.12279
 0.03300 0.12186
 0.03350 0.12096
 0.03400 0.12007
 0.03450 0.11921
 0.03500 0.11836
 0.03550 0.11753
 0.03600 0.11672
 0.03650 0.11592
 0.03700 0.11514
 0.03750 0.11437
 0.03800 0.11363
 0.03850 0.11289
 0.03900 0.11217
 0.03950 0.11146
 0.04000 0.11077
 0.04050 0.11008
 0.04100 0.10941
 0.04150 0.10876
 0.04200 0.10811
 0.04250 0.10747
 0.04300 0.10685
 0.04350 0.10624
 0.04400 0.10563
 0.04450 0.10504
 0.04500 0.10446
 0.04550 0.10389
 0.04600 0.10332
 0.04650 0.10277
 0.04700 0.10222
 0.04750 0.10168
 0.04800 0.10115
 0.04850 0.10063
 0.04900 0.10012
 0.04950 0.09961
 0.05000 0.09911
 0.05050 0.09862
 0.05100 0.09814
 0.05150 0.09766
 0.05200 0.09719
 0.05250 0.09672
 0.05300 0.09627
 0.05350 0.09582
 0.05400 0.09537
 0.05450 0.09493
 0.05500 0.09450
 0.05550 0.09407
 0.05600 0.09365
 0.05650 0.09324
 0.05700 0.09283
 0.05750 0.09242
 0.05800 0.09202
 0.05850 0.09163
 0.05900 0.09124
 0.05950 0.09085
 0.06000 0.09047
 0.06050 0.09010
 0.06100 0.08973
 0.06150 0.08936
 0.06200 0.08900
 0.06250 0.08864
 0.06300 0.08829
 0.06350 0.08794
 0.06400 0.08759
 0.06450 0.08725
 0.06500 0.08692
 0.06550 0.08658
 0.06600 0.08625
 0.06650 0.08593
 0.06700 0.08560
 0.06750 0.08528
 0.06800 0.08497
 0.06850 0.08466
 0.06900 0.08435
 0.06950 0.08404
 0.07000 0.08374
 0.07050 0.08344
 0.07100 0.08315
 0.07150 0.08285
 0.07200 0.08256
 0.07250 0.08228
 0.07300 0.08199
 0.07350 0.08171
 0.07400 0.08143
 0.07450 0.08116
 0.07500 0.08089
 0.07550 0.08062
 0.07600 0.08035
 0.07650 0.08008
 0.07700 0.07982
 0.07750 0.07956
 0.07800 0.07931
 0.07850 0.07905
 0.07900 0.07880
 0.07950 0.07855
 0.08000 0.07830
 0.08050 0.07806
 0.08100 0.07781
 0.08150 0.07757
 0.08200 0.07733
 0.08250 0.07710
 0.08300 0.07686
 0.08350 0.07663
 0.08400 0.07640
 0.08450 0.07617
 0.08500 0.07594
 0.08550 0.07572
 0.08600 0.07550
 0.08650 0.07528
 0.08700 0.07506
 0.08750 0.07484
 0.08800 0.07463
 0.08850 0.07441
 0.08900 0.07420
 0.08950 0.07399
 0.09000 0.07378
 0.09050 0.07358
 0.09100 0.07337
 0.09150 0.07317
 0.09200 0.07297
 0.09250 0.07277
 0.09300 0.07257
 0.09350 0.07238
 0.09400 0.07218
 0.09450 0.07199
 0.09500 0.07180
 0.09550 0.07161
 0.09600 0.07142
 0.09650 0.07123
 0.09700 0.07104
 0.09750 0.07086
 0.09800 0.07068
 0.09850 0.07049
 0.09900 0.07031
 0.09950 0.07014
 0.10000 0.06996
 0.10050 0.06978
 0.10100 0.06961
 0.10150 0.06943
 0.10200 0.06926
 0.10250 0.06909
 0.10300 0.06892
 0.10350 0.06875
 0.10400 0.06858
 0.10450 0.06842
 0.10500 0.06825
 0.10550 0.06809
 0.10600 0.06792
 0.10650 0.06776
 0.10700 0.06760
 0.10750 0.06744
 0.10800 0.06728
 0.10850 0.06713
 0.10900 0.06697
 0.10950 0.06681
 0.11000 0.06666
 0.11050 0.06651
 0.11100 0.06635
 0.11150 0.06620
 0.11200 0.06605
 0.11250 0.06590
 0.11300 0.06576
 0.11350 0.06561
 0.11400 0.06546
 0.11450 0.06532
 0.11500 0.06517
 0.11550 0.06503
 0.11600 0.06489
 0.11650 0.06475
 0.11700 0.06460
 0.11750 0.06446
 0.11800 0.06433
 0.11850 0.06419
 0.11900 0.06405
 0.11950 0.06391
 0.12000 0.06378
 0.12050 0.06364
 0.12100 0.06351
 0.12150 0.06338
 0.12200 0.06325
 0.12250 0.06311
 0.12300 0.06298
 0.12350 0.06285
 0.12400 0.06272
 0.12450 0.06260
 0.12500 0.06247
 0.12550 0.06234
 0.12600 0.06222
 0.12650 0.06209
 0.12700 0.06197
 0.12750 0.06184
 0.12800 0.06172
 0.12850 0.06160
 0.12900 0.06147
 0.12950 0.06135
 0.13000 0.06123
 0.13050 0.06111
 0.13100 0.06100
 0.13150 0.06088
 0.13200 0.06076
 0.13250 0.06064
 0.13300 0.06053
 0.13350 0.06041
 0.13400 0.06030
 0.13450 0.06018
 0.13500 0.06007
 0.13550 0.05995
 0.13600 0.05984
 0.13650 0.05973
 0.13700 0.05962
 0.13750 0.05951
 0.13800 0.05940
 0.13850 0.05929
 0.13900 0.05918
 0.13950 0.05907
 0.14000 0.05896
 0.14050 0.05886
 0.14100 0.05875
 0.14150 0.05864
 0.14200 0.05854
 0.14250 0.05843
 0.14300 0.05833
 0.14350 0.05822
 0.14400 0.05812
 0.14450 0.05802
 0.14500 0.05792
 0.14550 0.05781
 0.14600 0.05771
 0.14650 0.05761
 0.14700 0.05751
 0.14750 0.05741
 0.14800 0.05731
 0.14850 0.05721
 0.14900 0.05712
 0.14950 0.05702
 0.15000 0.05692
 0.15050 0.05682
 0.15100 0.05673
 0.15150 0.05663
 0.15200 0.05654
 0.15250 0.05644
 0.15300 0.05635
 0.15350 0.05625
 0.15400 0.05616
 0.15450 0.05607
 0.15500 0.05597
 0.15550 0.05588
 0.15600 0.05579
 0.15650 0.05570
 0.15700 0.05561
 0.15750 0.05552
 0.15800 0.05543
 0.15850 0.05534
 0.15900 0.05525
 0.15950 0.05516
 0.16000 0.05507
 0.16050 0.05498
 0.16100 0.05490
 0.16150 0.05481
 0.16200 0.05472
 0.16250 0.05464
 0.16300 0.05455
 0.16350 0.05446
 0.16400 0.05438
 0.16450 0.05429
 0.16500 0.05421
 0.16550 0.05413
 0.16600 0.05404
 0.16650 0.05396
 0.16700 0.05388
 0.16750 0.05379
 0.16800 0.05371
 0.16850 0.05363
 0.16900 0.05355
 0.16950 0.05347
 0.17000 0.05339
 0.17050 0.05331
 0.17100 0.05323
 0.17150 0.05315
 0.17200 0.05307
 0.17250 0.05299
 0.17300 0.05291
 0.17350 0.05283
 0.17400 0.05275
 0.17450 0.05267
 0.17500 0.05260
 0.17550 0.05252
 0.17600 0.05244
 0.17650 0.05237
 0.17700 0.05229
 0.17750 0.05221
 0.17800 0.05214
 0.17850 0.05206
 0.17900 0.05199
 0.17950 0.05192
 0.18000 0.05184
 0.18050 0.05177
 0.18100 0.05169
 0.18150 0.05162
 0.18200 0.05155
 0.18250 0.05147
 0.18300 0.05140
 0.18350 0.05133
 0.18400 0.05126
 0.18450 0.05119
 0.18500 0.05112
 0.18550 0.05104
 0.18600 0.05097
 0.18650 0.05090
 0.18700 0.05083
 0.18750 0.05076
 0.18800 0.05069
 0.18850 0.05062
 0.18900 0.05056
 0.18950 0.05049
 0.19000 0.05042
 0.19050 0.05035
 0.19100 0.05028
 0.19150 0.05021
 0.19200 0.05015
 0.19250 0.05008
 0.19300 0.05001
 0.19350 0.04995
 0.19400 0.04988
 0.19450 0.04981
 0.19500 0.04975
 0.19550 0.04968
 0.19600 0.04962
 0.19650 0.04955
 0.19700 0.04949
 0.19750 0.04942
 0.19800 0.04936
 0.19850 0.04929
 0.19900 0.04923
 0.19950 0.04917
 0.20000 0.04910
 0.20050 0.04904
 0.20100 0.04898
 0.20150 0.04891
 0.20200 0.04885
 0.20250 0.04879
 0.20300 0.04873
 0.20350 0.04866
 0.20400 0.04860
 0.20450 0.04854
 0.20500 0.04848
 0.20550 0.04842
 0.20600 0.04836
 0.20650 0.04830
 0.20700 0.04824
 0.20750 0.04818
 0.20800 0.04812
 0.20850 0.04806
 0.20900 0.04800
 0.20950 0.04794
 0.21000 0.04788
 0.21050 0.04782
 0.21100 0.04776
 0.21150 0.04770
 0.21200 0.04765
 0.21250 0.04759
 0.21300 0.04753
 0.21350 0.04747
 0.21400 0.04741
 0.21450 0.04736
 0.21500 0.04730
 0.21550 0.04724
 0.21600 0.04719
 0.21650 0.04713
 0.21700 0.04707
 0.21750 0.04702
 0.21800 0.04696
 0.21850 0.04691
 0.21900 0.04685
 0.21950 0.04680
 0.22000 0.04674
 0.22050 0.04669
 0.22100 0.04663
 0.22150 0.04658
 0.22200 0.04652
 0.22250 0.04647
 0.22300 0.04641
 0.22350 0.04636
 0.22400 0.04631
 0.22450 0.04625
 0.22500 0.04620
 0.22550 0.04615
 0.22600 0.04609
 0.22650 0.04604
 0.22700 0.04599
 0.22750 0.04593
 0.22800 0.04588
 0.22850 0.04583
 0.22900 0.04578
 0.22950 0.04573
 0.23000 0.04568
 0.23050 0.04562
 0.23100 0.04557
 0.23150 0.04552
 0.23200 0.04547
 0.23250 0.04542
 0.23300 0.04537
 0.23350 0.04532
 0.23400 0.04527
 0.23450 0.04522
 0.23500 0.04517
 0.23550 0.04512
 0.23600 0.04507
 0.23650 0.04502
 0.23700 0.04497
 0.23750 0.04492
 0.23800 0.04487
 0.23850 0.04482
 0.23900 0.04477
 0.23950 0.04472
 0.24000 0.04468
 0.24050 0.04463
 0.24100 0.04458
 0.24150 0.04453
 0.24200 0.04448
 0.24250 0.04444
 0.24300 0.04439
 0.24350 0.04434
 0.24400 0.04429
 0.24450 0.04425
 0.24500 0.04420
 0.24550 0.04415
 0.24600 0.04411
 0.24650 0.04406
 0.24700 0.04401
 0.24750 0.04397
 0.24800 0.04392
 0.24850 0.04387
 0.24900 0.04383
 0.24950 0.04378
 0.25000 0.04374
 0.25050 0.04369
 0.25100 0.04365
 0.25150 0.04360
 0.25200 0.04356
 0.25250 0.04351
 0.25300 0.04347
 0.25350 0.04342
 0.25400 0.04338
 0.25450 0.04333
 0.25500 0.04329
 0.25550 0.04324
 0.25600 0.04320
 0.25650 0.04316
 0.25700 0.04311
 0.25750 0.04307
 0.25800 0.04302
 0.25850 0.04298
 0.25900 0.04294
 0.25950 0.04289
 0.26000 0.04285
 0.26050 0.04281
 0.26100 0.04277
 0.26150 0.04272
 0.26200 0.04268
 0.26250 0.04264
 0.26300 0.04260
 0.26350 0.04255
 0.26400 0.04251
 0.26450 0.04247
 0.26500 0.04243
 0.26550 0.04239
 0.26600 0.04234
 0.26650 0.04230
 0.26700 0.04226
 0.26750 0.04222
 0.26800 0.04218
 0.26850 0.04214
 0.26900 0.04210
 0.26950 0.04206
 0.27000 0.04202
 0.27050 0.04197
 0.27100 0.04193
 0.27150 0.04189
 0.27200 0.04185
 0.27250 0.04181
 0.27300 0.04177
 0.27350 0.04173
 0.27400 0.04169
 0.27450 0.04165
 0.27500 0.04161
 0.27550 0.04157
 0.27600 0.04154
 0.27650 0.04150
 0.27700 0.04146
 0.27750 0.04142
 0.27800 0.04138
 0.27850 0.04134
 0.27900 0.04130
 0.27950 0.04126
 0.28000 0.04122
 0.28050 0.04118
 0.28100 0.04115
 0.28150 0.04111
 0.28200 0.04107
 0.28250 0.04103
 0.28300 0.04099
 0.28350 0.04096
 0.28400 0.04092
 0.28450 0.04088
 0.28500 0.04084
 0.28550 0.04081
 0.28600 0.04077
 0.28650 0.04073
 0.28700 0.04069
 0.28750 0.04066
 0.28800 0.04062
 0.28850 0.04058
 0.28900 0.04055
 0.28950 0.04051
 0.29000 0.04047
 0.29050 0.04044
 0.29100 0.04040
 0.29150 0.04036
 0.29200 0.04033
 0.29250 0.04029
 0.29300 0.04025
 0.29350 0.04022
 0.29400 0.04018
 0.29450 0.04015
 0.29500 0.04011
 0.29550 0.04007
 0.29600 0.04004
 0.29650 0.04000
 0.29700 0.03997
 0.29750 0.03993
 0.29800 0.03990
 0.29850 0.03986
 0.29900 0.03983
 0.29950 0.03979
 0.30000 0.03976
 0.30050 0.03972
 0.30100 0.03969
 0.30150 0.03965
 0.30200 0.03962
 0.30250 0.03958
 0.30300 0.03955
 0.30350 0.03952
 0.30400 0.03948
 0.30450 0.03945
 0.30500 0.03941
 0.30550 0.03938
 0.30600 0.03935
 0.30650 0.03931
 0.30700 0.03928
 0.30750 0.03925
 0.30800 0.03921
 0.30850 0.03918
 0.30900 0.03914
 0.30950 0.03911
 0.31000 0.03908
 0.31050 0.03905
 0.31100 0.03901
 0.31150 0.03898
 0.31200 0.03895
 0.31250 0.03891
 0.31300 0.03888
 0.31350 0.03885
 0.31400 0.03882
 0.31450 0.03878
 0.31500 0.03875
 0.31550 0.03872
 0.31600 0.03869
 0.31650 0.03865
 0.31700 0.03862
 0.31750 0.03859
 0.31800 0.03856
 0.31850 0.03853
 0.31900 0.03849
 0.31950 0.03846
 0.32000 0.03843
 0.32050 0.03840
 0.32100 0.03837
 0.32150 0.03834
 0.32200 0.03830
 0.32250 0.03827
 0.32300 0.03824
 0.32350 0.03821
 0.32400 0.03818
 0.32450 0.03815
 0.32500 0.03812
 0.32550 0.03809
 0.32600 0.03805
 0.32650 0.03802
 0.32700 0.03799
 0.32750 0.03796
 0.32800 0.03793
 0.32850 0.03790
 0.32900 0.03787
 0.32950 0.03784
 0.33000 0.03781
 0.33050 0.03778
 0.33100 0.03775
 0.33150 0.03772
 0.33200 0.03769
 0.33250 0.03766
 0.33300 0.03763
 0.33350 0.03760
 0.33400 0.03757
 0.33450 0.03754
 0.33500 0.03751
 0.33550 0.03748
 0.33600 0.03745
 0.33650 0.03742
 0.33700 0.03739
 0.33750 0.03736
 0.33800 0.03733
 0.33850 0.03731
 0.33900 0.03728
 0.33950 0.03725
 0.34000 0.03722
 0.34050 0.03719
 0.34100 0.03716
 0.34150 0.03713
 0.34200 0.03710
 0.34250 0.03707
 0.34300 0.03705
 0.34350 0.03702
 0.34400 0.03699
 0.34450 0.03696
 0.34500 0.03693
 0.34550 0.03690
 0.34600 0.03688
 0.34650 0.03685
 0.34700 0.03682
 0.34750 0.03679
 0.34800 0.03676
 0.34850 0.03673
 0.34900 0.03671
 0.34950 0.03668
 0.35000 0.03665
 0.35050 0.03662
 0.35100 0.03660
 0.35150 0.03657
 0.35200 0.03654
 0.35250 0.03651
 0.35300 0.03649
 0.35350 0.03646
 0.35400 0.03643
 0.35450 0.03640
 0.35500 0.03638
 0.35550 0.03635
 0.35600 0.03632
 0.35650 0.03630
 0.35700 0.03627
 0.35750 0.03624
 0.35800 0.03621
 0.35850 0.03619
 0.35900 0.03616
 0.35950 0.03613
 0.36000 0.03611
 0.36050 0.03608
 0.36100 0.03605
 0.36150 0.03603
 0.36200 0.03600
 0.36250 0.03597
 0.36300 0.03595
 0.36350 0.03592
 0.36400 0.03590
 0.36450 0.03587
 0.36500 0.03584
 0.36550 0.03582
 0.36600 0.03579
 0.36650 0.03577
 0.36700 0.03574
 0.36750 0.03571
 0.36800 0.03569
 0.36850 0.03566
 0.36900 0.03564
 0.36950 0.03561
 0.37000 0.03559
 0.37050 0.03556
 0.37100 0.03553
 0.37150 0.03551
 0.37200 0.03548
 0.37250 0.03546
 0.37300 0.03543
 0.37350 0.03541
 0.37400 0.03538
 0.37450 0.03536
 0.37500 0.03533
 0.37550 0.03531
 0.37600 0.03528
 0.37650 0.03526
 0.37700 0.03523
 0.37750 0.03521
 0.37800 0.03518
 0.37850 0.03516
 0.37900 0.03513
 0.37950 0.03511
 0.38000 0.03508
 0.38050 0.03506
 0.38100 0.03503
 0.38150 0.03501
 0.38200 0.03499
 0.38250 0.03496
 0.38300 0.03494
 0.38350 0.03491
 0.38400 0.03489
 0.38450 0.03486
 0.38500 0.03484
 0.38550 0.03482
 0.38600 0.03479
 0.38650 0.03477
 0.38700 0.03474
 0.38750 0.03472
 0.38800 0.03470
 0.38850 0.03467
 0.38900 0.03465
 0.38950 0.03462
 0.39000 0.03460
 0.39050 0.03458
 0.39100 0.03455
 0.39150 0.03453
 0.39200 0.03451
 0.39250 0.03448
 0.39300 0.03446
 0.39350 0.03444
 0.39400 0.03441
 0.39450 0.03439
 0.39500 0.03437
 0.39550 0.03434
 0.39600 0.03432
 0.39650 0.03430
 0.39700 0.03427
 0.39750 0.03425
 0.39800 0.03423
 0.39850 0.03420
 0.39900 0.03418
 0.39950 0.03416
 0.40000 0.03414
 0.40050 0.03411
 0.40100 0.03409
 0.40150 0.03407
 0.40200 0.03404
 0.40250 0.03402
 0.40300 0.03400
 0.40350 0.03398
 0.40400 0.03395
 0.40450 0.03393
 0.40500 0.03391
 0.40550 0.03389
 0.40600 0.03387
 0.40650 0.03384
 0.40700 0.03382
 0.40750 0.03380
 0.40800 0.03378
 0.40850 0.03375
 0.40900 0.03373
 0.40950 0.03371
 0.41000 0.03369
 0.41050 0.03367
 0.41100 0.03364
 0.41150 0.03362
 0.41200 0.03360
 0.41250 0.03358
 0.41300 0.03356
 0.41350 0.03353
 0.41400 0.03351
 0.41450 0.03349
 0.41500 0.03347
 0.41550 0.03345
 0.41600 0.03343
 0.41650 0.03340
 0.41700 0.03338
 0.41750 0.03336
 0.41800 0.03334
 0.41850 0.03332
 0.41900 0.03330
 0.41950 0.03328
 0.42000 0.03326
 0.42050 0.03323
 0.42100 0.03321
 0.42150 0.03319
 0.42200 0.03317
 0.42250 0.03315
 0.42300 0.03313
 0.42350 0.03311
 0.42400 0.03309
 0.42450 0.03307
 0.42500 0.03304
 0.42550 0.03302
 0.42600 0.03300
 0.42650 0.03298
 0.42700 0.03296
 0.42750 0.03294
 0.42800 0.03292
 0.42850 0.03290
 0.42900 0.03288
 0.42950 0.03286
 0.43000 0.03284
 0.43050 0.03282
 0.43100 0.03280
 0.43150 0.03278
 0.43200 0.03276
 0.43250 0.03274
 0.43300 0.03272
 0.43350 0.03269
 0.43400 0.03267
 0.43450 0.03265
 0.43500 0.03263
 0.43550 0.03261
 0.43600 0.03259
 0.43650 0.03257
 0.43700 0.03255
 0.43750 0.03253
 0.43800 0.03251
 0.43850 0.03249
 0.43900 0.03247
 0.43950 0.03245
 0.44000 0.03243
 0.44050 0.03241
 0.44100 0.03239
 0.44150 0.03237
 0.44200 0.03235
 0.44250 0.03234
 0.44300 0.03232
 0.44350 0.03230
 0.44400 0.03228
 0.44450 0.03226
 0.44500 0.03224
 0.44550 0.03222
 0.44600 0.03220
 0.44650 0.03218
 0.44700 0.03216
 0.44750 0.03214
 0.44800 0.03212
 0.44850 0.03210
 0.44900 0.03208
 0.44950 0.03206
 0.45000 0.03204
 0.45050 0.03202
 0.45100 0.03201
 0.45150 0.03199
 0.45200 0.03197
 0.45250 0.03195
 0.45300 0.03193
 0.45350 0.03191
 0.45400 0.03189
 0.45450 0.03187
 0.45500 0.03185
 0.45550 0.03183
 0.45600 0.03182
 0.45650 0.03180
 0.45700 0.03178
 0.45750 0.03176
 0.45800 0.03174
 0.45850 0.03172
 0.45900 0.03170
 0.45950 0.03168
 0.46000 0.03167
 0.46050 0.03165
 0.46100 0.03163
 0.46150 0.03161
 0.46200 0.03159
 0.46250 0.03157
 0.46300 0.03155
 0.46350 0.03154
 0.46400 0.03152
 0.46450 0.03150
 0.46500 0.03148
 0.46550 0.03146
 0.46600 0.03144
 0.46650 0.03143
 0.46700 0.03141
 0.46750 0.03139
 0.46800 0.03137
 0.46850 0.03135
 0.46900 0.03134
 0.46950 0.03132
 0.47000 0.03130
 0.47050 0.03128
 0.47100 0.03126
 0.47150 0.03125
 0.47200 0.03123
 0.47250 0.03121
 0.47300 0.03119
 0.47350 0.03117
 0.47400 0.03116
 0.47450 0.03114
 0.47500 0.03112
 0.47550 0.03110
 0.47600 0.03109
 0.47650 0.03107
 0.47700 0.03105
 0.47750 0.03103
 0.47800 0.03101
 0.47850 0.03100
 0.47900 0.03098
 0.47950 0.03096
 0.48000 0.03094
 0.48050 0.03093
 0.48100 0.03091
 0.48150 0.03089
 0.48200 0.03087
 0.48250 0.03086
 0.48300 0.03084
 0.48350 0.03082
 0.48400 0.03081
 0.48450 0.03079
 0.48500 0.03077
 0.48550 0.03075
 0.48600 0.03074
 0.48650 0.03072
 0.48700 0.03070
 0.48750 0.03069
 0.48800 0.03067
 0.48850 0.03065
 0.48900 0.03063
 0.48950 0.03062
 0.49000 0.03060
 0.49050 0.03058
 0.49100 0.03057
 0.49150 0.03055
 0.49200 0.03053
 0.49250 0.03052
 0.49300 0.03050
 0.49350 0.03048
 0.49400 0.03047
 0.49450 0.03045
 0.49500 0.03043
 0.49550 0.03042
 0.49600 0.03040
 0.49650 0.03038
 0.49700 0.03037
 0.49750 0.03035
 0.49800 0.03033
 0.49850 0.03032
 0.49900 0.03030
 0.49950 0.03028
 0.50000 0.03027
 0.50050 0.03025
 0.50100 0.03023
 0.50150 0.03022
 0.50200 0.03020
 0.50250 0.03018
 0.50300 0.03017
 0.50350 0.03015
 0.50400 0.03013
 0.50450 0.03012
 0.50500 0.03010
 0.50550 0.03009
 0.50600 0.03007
 0.50650 0.03005
 0.50700 0.03004
 0.50750 0.03002
 0.50800 0.03001
 0.50850 0.02999
 0.50900 0.02997
 0.50950 0.02996
 0.51000 0.02994
 0.51050 0.02993
 0.51100 0.02991
 0.51150 0.02989
 0.51200 0.02988
 0.51250 0.02986
 0.51300 0.02985
 0.51350 0.02983
 0.51400 0.02981
 0.51450 0.02980
 0.51500 0.02978
 0.51550 0.02977
 0.51600 0.02975
 0.51650 0.02974
 0.51700 0.02972
 0.51750 0.02970
 0.51800 0.02969
 0.51850 0.02967
 0.51900 0.02966
 0.51950 0.02964
 0.52000 0.02963
 0.52050 0.02961
 0.52100 0.02959
 0.52150 0.02958
 0.52200 0.02956
 0.52250 0.02955
 0.52300 0.02953
 0.52350 0.02952
 0.52400 0.02950
 0.52450 0.02949
 0.52500 0.02947
 0.52550 0.02946
 0.52600 0.02944
 0.52650 0.02943
 0.52700 0.02941
 0.52750 0.02940
 0.52800 0.02938
 0.52850 0.02936
 0.52900 0.02935
 0.52950 0.02933
 0.53000 0.02932
 0.53050 0.02930
 0.53100 0.02929
 0.53150 0.02927
 0.53200 0.02926
 0.53250 0.02924
 0.53300 0.02923
 0.53350 0.02921
 0.53400 0.02920
 0.53450 0.02918
 0.53500 0.02917
 0.53550 0.02915
 0.53600 0.02914
 0.53650 0.02912
 0.53700 0.02911
 0.53750 0.02909
 0.53800 0.02908
 0.53850 0.02906
 0.53900 0.02905
 0.53950 0.02904
 0.54000 0.02902
 0.54050 0.02901
 0.54100 0.02899
 0.54150 0.02898
 0.54200 0.02896
 0.54250 0.02895
 0.54300 0.02893
 0.54350 0.02892
 0.54400 0.02890
 0.54450 0.02889
 0.54500 0.02887
 0.54550 0.02886
 0.54600 0.02885
 0.54650 0.02883
 0.54700 0.02882
 0.54750 0.02880
 0.54800 0.02879
 0.54850 0.02877
 0.54900 0.02876
 0.54950 0.02874
 0.55000 0.02873
 0.55050 0.02872
 0.55100 0.02870
 0.55150 0.02869
 0.55200 0.02867
 0.55250 0.02866
 0.55300 0.02864
 0.55350 0.02863
 0.55400 0.02862
 0.55450 0.02860
 0.55500 0.02859
 0.55550 0.02857
 0.55600 0.02856
 0.55650 0.02855
 0.55700 0.02853
 0.55750 0.02852
 0.55800 0.02850
 0.55850 0.02849
 0.55900 0.02848
 0.55950 0.02846
 0.56000 0.02845
 0.56050 0.02843
 0.56100 0.02842
 0.56150 0.02841
 0.56200 0.02839
 0.56250 0.02838
 0.56300 0.02836
 0.56350 0.02835
 0.56400 0.02834
 0.56450 0.02832
 0.56500 0.02831
 0.56550 0.02829
 0.56600 0.02828
 0.56650 0.02827
 0.56700 0.02825
 0.56750 0.02824
 0.56800 0.02823
 0.56850 0.02821
 0.56900 0.02820
 0.56950 0.02819
 0.57000 0.02817
 0.57050 0.02816
 0.57100 0.02814
 0.57150 0.02813
 0.57200 0.02812
 0.57250 0.02810
 0.57300 0.02809
 0.57350 0.02808
 0.57400 0.02806
 0.57450 0.02805
 0.57500 0.02804
 0.57550 0.02802
 0.57600 0.02801
 0.57650 0.02800
 0.57700 0.02798
 0.57750 0.02797
 0.57800 0.02796
 0.57850 0.02794
 0.57900 0.02793
 0.57950 0.02792
 0.58000 0.02790
 0.58050 0.02789
 0.58100 0.02788
 0.58150 0.02786
 0.58200 0.02785
 0.58250 0.02784
 0.58300 0.02782
 0.58350 0.02781
 0.58400 0.02780
 0.58450 0.02778
 0.58500 0.02777
 0.58550 0.02776
 0.58600 0.02775
 0.58650 0.02773
 0.58700 0.02772
 0.58750 0.02771
 0.58800 0.02769
 0.58850 0.02768
 0.58900 0.02767
 0.58950 0.02765
 0.59000 0.02764
 0.59050 0.02763
 0.59100 0.02762
 0.59150 0.02760
 0.59200 0.02759
 0.59250 0.02758
 0.59300 0.02756
 0.59350 0.02755
 0.59400 0.02754
 0.59450 0.02753
 0.59500 0.02751
 0.59550 0.02750
 0.59600 0.02749
 0.59650 0.02747
 0.59700 0.02746
 0.59750 0.02745
 0.59800 0.02744
 0.59850 0.02742
 0.59900 0.02741
 0.59950 0.02740
 0.60000 0.02739
 0.60050 0.02737
 0.60100 0.02736
 0.60150 0.02735
 0.60200 0.02734
 0.60250 0.02732
 0.60300 0.02731
 0.60350 0.02730
 0.60400 0.02728
 0.60450 0.02727
 0.60500 0.02726
 0.60550 0.02725
 0.60600 0.02724
 0.60650 0.02722
 0.60700 0.02721
 0.60750 0.02720
 0.60800 0.02719
 0.60850 0.02717
 0.60900 0.02716
 0.60950 0.02715
 0.61000 0.02714
 0.61050 0.02712
 0.61100 0.02711
 0.61150 0.02710
 0.61200 0.02709
 0.61250 0.02707
 0.61300 0.02706
 0.61350 0.02705
 0.61400 0.02704
 0.61450 0.02703
 0.61500 0.02701
 0.61550 0.02700
 0.61600 0.02699
 0.61650 0.02698
 0.61700 0.02696
 0.61750 0.02695
 0.61800 0.02694
 0.61850 0.02693
 0.61900 0.02692
 0.61950 0.02690
 0.62000 0.02689
 0.62050 0.02688
 0.62100 0.02687
 0.62150 0.02686
 0.62200 0.02684
 0.62250 0.02683
 0.62300 0.02682
 0.62350 0.02681
 0.62400 0.02680
 0.62450 0.02678
 0.62500 0.02677
 0.62550 0.02676
 0.62600 0.02675
 0.62650 0.02674
 0.62700 0.02673
 0.62750 0.02671
 0.62800 0.02670
 0.62850 0.02669
 0.62900 0.02668
 0.62950 0.02667
 0.63000 0.02665
 0.63050 0.02664
 0.63100 0.02663
 0.63150 0.02662
 0.63200 0.02661
 0.63250 0.02660
 0.63300 0.02658
 0.63350 0.02657
 0.63400 0.02656
 0.63450 0.02655
 0.63500 0.02654
 0.63550 0.02653
 0.63600 0.02651
 0.63650 0.02650
 0.63700 0.02649
 0.63750 0.02648
 0.63800 0.02647
 0.63850 0.02646
 0.63900 0.02644
 0.63950 0.02643
 0.64000 0.02642
 0.64050 0.02641
 0.64100 0.02640
 0.64150 0.02639
 0.64200 0.02638
 0.64250 0.02636
 0.64300 0.02635
 0.64350 0.02634
 0.64400 0.02633
 0.64450 0.02632
 0.64500 0.02631
 0.64550 0.02630
 0.64600 0.02628
 0.64650 0.02627
 0.64700 0.02626
 0.64750 0.02625
 0.64800 0.02624
 0.64850 0.02623
 0.64900 0.02622
 0.64950 0.02621
 0.65000 0.02619
 0.65050 0.02618
 0.65100 0.02617
 0.65150 0.02616
 0.65200 0.02615
 0.65250 0.02614
 0.65300 0.02613
 0.65350 0.02612
 0.65400 0.02610
 0.65450 0.02609
 0.65500 0.02608
 0.65550 0.02607
 0.65600 0.02606
 0.65650 0.02605
 0.65700 0.02604
 0.65750 0.02603
 0.65800 0.02602
 0.65850 0.02600
 0.65900 0.02599
 0.65950 0.02598
 0.66000 0.02597
 0.66050 0.02596
 0.66100 0.02595
 0.66150 0.02594
 0.66200 0.02593
 0.66250 0.02592
 0.66300 0.02591
 0.66350 0.02590
 0.66400 0.02588
 0.66450 0.02587
 0.66500 0.02586
 0.66550 0.02585
 0.66600 0.02584
 0.66650 0.02583
 0.66700 0.02582
 0.66750 0.02581
 0.66800 0.02580
 0.66850 0.02579
 0.66900 0.02578
 0.66950 0.02577
 0.67000 0.02575
 0.67050 0.02574
 0.67100 0.02573
 0.67150 0.02572
 0.67200 0.02571
 0.67250 0.02570
 0.67300 0.02569
 0.67350 0.02568
 0.67400 0.02567
 0.67450 0.02566
 0.67500 0.02565
 0.67550 0.02564
 0.67600 0.02563
 0.67650 0.02562
 0.67700 0.02560
 0.67750 0.02559
 0.67800 0.02558
 0.67850 0.02557
 0.67900 0.02556
 0.67950 0.02555
 0.68000 0.02554
 0.68050 0.02553
 0.68100 0.02552
 0.68150 0.02551
 0.68200 0.02550
 0.68250 0.02549
 0.68300 0.02548
 0.68350 0.02547
 0.68400 0.02546
 0.68450 0.02545
 0.68500 0.02544
 0.68550 0.02543
 0.68600 0.02542
 0.68650 0.02541
 0.68700 0.02540
 0.68750 0.02538
 0.68800 0.02537
 0.68850 0.02536
 0.68900 0.02535
 0.68950 0.02534
 0.69000 0.02533
 0.69050 0.02532
 0.69100 0.02531
 0.69150 0.02530
 0.69200 0.02529
 0.69250 0.02528
 0.69300 0.02527
 0.69350 0.02526
 0.69400 0.02525
 0.69450 0.02524
 0.69500 0.02523
 0.69550 0.02522
 0.69600 0.02521
 0.69650 0.02520
 0.69700 0.02519
 0.69750 0.02518
 0.69800 0.02517
 0.69850 0.02516
 0.69900 0.02515
 0.69950 0.02514
 0.70000 0.02513
 0.70050 0.02512
 0.70100 0.02511
 0.70150 0.02510
 0.70200 0.02509
 0.70250 0.02508
 0.70300 0.02507
 0.70350 0.02506
 0.70400 0.02505
 0.70450 0.02504
 0.70500 0.02503
 0.70550 0.02502
 0.70600 0.02501
 0.70650 0.02500
 0.70700 0.02499
 0.70750 0.02498
 0.70800 0.02497
 0.70850 0.02496
 0.70900 0.02495
 0.70950 0.02494
 0.71000 0.02493
 0.71050 0.02492
 0.71100 0.02491
 0.71150 0.02490
 0.71200 0.02489
 0.71250 0.02488
 0.71300 0.02487
 0.71350 0.02486
 0.71400 0.02485
 0.71450 0.02484
 0.71500 0.02483
 0.71550 0.02482
 0.71600 0.02481
 0.71650 0.02480
 0.71700 0.02479
 0.71750 0.02478
 0.71800 0.02477
 0.71850 0.02476
 0.71900 0.02475
 0.71950 0.02474
 0.72000 0.02473
 0.72050 0.02472
 0.72100 0.02471
 0.72150 0.02470
 0.72200 0.02469
 0.72250 0.02468
 0.72300 0.02468
 0.72350 0.02467
 0.72400 0.02466
 0.72450 0.02465
 0.72500 0.02464
 0.72550 0.02463
 0.72600 0.02462
 0.72650 0.02461
 0.72700 0.02460
 0.72750 0.02459
 0.72800 0.02458
 0.72850 0.02457
 0.72900 0.02456
 0.72950 0.02455
 0.73000 0.02454
 0.73050 0.02453
 0.73100 0.02452
 0.73150 0.02451
 0.73200 0.02450
 0.73250 0.02449
 0.73300 0.02448
 0.73350 0.02447
 0.73400 0.02447
 0.73450 0.02446
 0.73500 0.02445
 0.73550 0.02444
 0.73600 0.02443
 0.73650 0.02442
 0.73700 0.02441
 0.73750 0.02440
 0.73800 0.02439
 0.73850 0.02438
 0.73900 0.02437
 0.73950 0.02436
 0.74000 0.02435
 0.74050 0.02434
 0.74100 0.02433
 0.74150 0.02433
 0.74200 0.02432
 0.74250 0.02431
 0.74300 0.02430
 0.74350 0.02429
 0.74400 0.02428
 0.74450 0.02427
 0.74500 0.02426
 0.74550 0.02425
 0.74600 0.02424
 0.74650 0.02423
 0.74700 0.02422
 0.74750 0.02421
 0.74800 0.02420
 0.74850 0.02420
 0.74900 0.02419
 0.74950 0.02418
 0.75000 0.02417
 0.75050 0.02416
 0.75100 0.02415
 0.75150 0.02414
 0.75200 0.02413
 0.75250 0.02412
 0.75300 0.02411
 0.75350 0.02410
 0.75400 0.02410
 0.75450 0.02409
 0.75500 0.02408
 0.75550 0.02407
 0.75600 0.02406
 0.75650 0.02405
 0.75700 0.02404
 0.75750 0.02403
 0.75800 0.02402
 0.75850 0.02401
 0.75900 0.02401
 0.75950 0.02400
 0.76000 0.02399
 0.76050 0.02398
 0.76100 0.02397
 0.76150 0.02396
 0.76200 0.02395
 0.76250 0.02394
 0.76300 0.02393
 0.76350 0.02392
 0.76400 0.02392
 0.76450 0.02391
 0.76500 0.02390
 0.76550 0.02389
 0.76600 0.02388
 0.76650 0.02387
 0.76700 0.02386
 0.76750 0.02385
 0.76800 0.02384
 0.76850 0.02384
 0.76900 0.02383
 0.76950 0.02382
 0.77000 0.02381
 0.77050 0.02380
 0.77100 0.02379
 0.77150 0.02378
 0.77200 0.02377
 0.77250 0.02377
 0.77300 0.02376
 0.77350 0.02375
 0.77400 0.02374
 0.77450 0.02373
 0.77500 0.02372
 0.77550 0.02371
 0.77600 0.02370
 0.77650 0.02370
 0.77700 0.02369
 0.77750 0.02368
 0.77800 0.02367
 0.77850 0.02366
 0.77900 0.02365
 0.77950 0.02364
 0.78000 0.02364
 0.78050 0.02363
 0.78100 0.02362
 0.78150 0.02361
 0.78200 0.02360
 0.78250 0.02359
 0.78300 0.02358
 0.78350 0.02357
 0.78400 0.02357
 0.78450 0.02356
 0.78500 0.02355
 0.78550 0.02354
 0.78600 0.02353
 0.78650 0.02352
 0.78700 0.02352
 0.78750 0.02351
 0.78800 0.02350
 0.78850 0.02349
 0.78900 0.02348
 0.78950 0.02347
 0.79000 0.02346
 0.79050 0.02346
 0.79100 0.02345
 0.79150 0.02344
 0.79200 0.02343
 0.79250 0.02342
 0.79300 0.02341
 0.79350 0.02340
 0.79400 0.02340
 0.79450 0.02339
 0.79500 0.02338
 0.79550 0.02337
 0.79600 0.02336
 0.79650 0.02335
 0.79700 0.02335
 0.79750 0.02334
 0.79800 0.02333
 0.79850 0.02332
 0.79900 0.02331
 0.79950 0.02330
 0.80000 0.02330
 0.80050 0.02329
 0.80100 0.02328
 0.80150 0.02327
 0.80200 0.02326
 0.80250 0.02325
 0.80300 0.02325
 0.80350 0.02324
 0.80400 0.02323
 0.80450 0.02322
 0.80500 0.02321
 0.80550 0.02320
 0.80600 0.02320
 0.80650 0.02319
 0.80700 0.02318
 0.80750 0.02317
 0.80800 0.02316
 0.80850 0.02316
 0.80900 0.02315
 0.80950 0.02314
 0.81000 0.02313
 0.81050 0.02312
 0.81100 0.02311
 0.81150 0.02311
 0.81200 0.02310
 0.81250 0.02309
 0.81300 0.02308
 0.81350 0.02307
 0.81400 0.02307
 0.81450 0.02306
 0.81500 0.02305
 0.81550 0.02304
 0.81600 0.02303
 0.81650 0.02303
 0.81700 0.02302
 0.81750 0.02301
 0.81800 0.02300
 0.81850 0.02299
 0.81900 0.02298
 0.81950 0.02298
 0.82000 0.02297
 0.82050 0.02296
 0.82100 0.02295
 0.82150 0.02294
 0.82200 0.02294
 0.82250 0.02293
 0.82300 0.02292
 0.82350 0.02291
 0.82400 0.02290
 0.82450 0.02290
 0.82500 0.02289
 0.82550 0.02288
 0.82600 0.02287
 0.82650 0.02286
 0.82700 0.02286
 0.82750 0.02285
 0.82800 0.02284
 0.82850 0.02283
 0.82900 0.02283
 0.82950 0.02282
 0.83000 0.02281
 0.83050 0.02280
 0.83100 0.02279
 0.83150 0.02279
 0.83200 0.02278
 0.83250 0.02277
 0.83300 0.02276
 0.83350 0.02275
 0.83400 0.02275
 0.83450 0.02274
 0.83500 0.02273
 0.83550 0.02272
 0.83600 0.02272
 0.83650 0.02271
 0.83700 0.02270
 0.83750 0.02269
 0.83800 0.02268
 0.83850 0.02268
 0.83900 0.02267
 0.83950 0.02266
 0.84000 0.02265
 0.84050 0.02264
 0.84100 0.02264
 0.84150 0.02263
 0.84200 0.02262
 0.84250 0.02261
 0.84300 0.02261
 0.84350 0.02260
 0.84400 0.02259
 0.84450 0.02258
 0.84500 0.02258
 0.84550 0.02257
 0.84600 0.02256
 0.84650 0.02255
 0.84700 0.02254
 0.84750 0.02254
 0.84800 0.02253
 0.84850 0.02252
 0.84900 0.02251
 0.84950 0.02251
 0.85000 0.02250
 0.85050 0.02249
 0.85100 0.02248
 0.85150 0.02248
 0.85200 0.02247
 0.85250 0.02246
 0.85300 0.02245
 0.85350 0.02245
 0.85400 0.02244
 0.85450 0.02243
 0.85500 0.02242
 0.85550 0.02242
 0.85600 0.02241
 0.85650 0.02240
 0.85700 0.02239
 0.85750 0.02238
 0.85800 0.02238
 0.85850 0.02237
 0.85900 0.02236
 0.85950 0.02235
 0.86000 0.02235
 0.86050 0.02234
 0.86100 0.02233
 0.86150 0.02232
 0.86200 0.02232
 0.86250 0.02231
 0.86300 0.02230
 0.86350 0.02229
 0.86400 0.02229
 0.86450 0.02228
 0.86500 0.02227
 0.86550 0.02227
 0.86600 0.02226
 0.86650 0.02225
 0.86700 0.02224
 0.86750 0.02224
 0.86800 0.02223
 0.86850 0.02222
 0.86900 0.02221
 0.86950 0.02221
 0.87000 0.02220
 0.87050 0.02219
 0.87100 0.02218
 0.87150 0.02218
 0.87200 0.02217
 0.87250 0.02216
 0.87300 0.02215
 0.87350 0.02215
 0.87400 0.02214
 0.87450 0.02213
 0.87500 0.02212
 0.87550 0.02212
 0.87600 0.02211
 0.87650 0.02210
 0.87700 0.02210
 0.87750 0.02209
 0.87800 0.02208
 0.87850 0.02207
 0.87900 0.02207
 0.87950 0.02206
 0.88000 0.02205
 0.88050 0.02204
 0.88100 0.02204
 0.88150 0.02203
 0.88200 0.02202
 0.88250 0.02202
 0.88300 0.02201
 0.88350 0.02200
 0.88400 0.02199
 0.88450 0.02199
 0.88500 0.02198
 0.88550 0.02197
 0.88600 0.02197
 0.88650 0.02196
 0.88700 0.02195
 0.88750 0.02194
 0.88800 0.02194
 0.88850 0.02193
 0.88900 0.02192
 0.88950 0.02192
 0.89000 0.02191
 0.89050 0.02190
 0.89100 0.02189
 0.89150 0.02189
 0.89200 0.02188
 0.89250 0.02187
 0.89300 0.02187
 0.89350 0.02186
 0.89400 0.02185
 0.89450 0.02184
 0.89500 0.02184
 0.89550 0.02183
 0.89600 0.02182
 0.89650 0.02182
 0.89700 0.02181
 0.89750 0.02180
 0.89800 0.02179
 0.89850 0.02179
 0.89900 0.02178
 0.89950 0.02177
 0.90000 0.02177
 0.90050 0.02176
 0.90100 0.02175
 0.90150 0.02175
 0.90200 0.02174
 0.90250 0.02173
 0.90300 0.02172
 0.90350 0.02172
 0.90400 0.02171
 0.90450 0.02170
 0.90500 0.02170
 0.90550 0.02169
 0.90600 0.02168
 0.90650 0.02168
 0.90700 0.02167
 0.90750 0.02166
 0.90800 0.02165
 0.90850 0.02165
 0.90900 0.02164
 0.90950 0.02163
 0.91000 0.02163
 0.91050 0.02162
 0.91100 0.02161
 0.91150 0.02161
 0.91200 0.02160
 0.91250 0.02159
 0.91300 0.02159
 0.91350 0.02158
 0.91400 0.02157
 0.91450 0.02156
 0.91500 0.02156
 0.91550 0.02155
 0.91600 0.02154
 0.91650 0.02154
 0.91700 0.02153
 0.91750 0.02152
 0.91800 0.02152
 0.91850 0.02151
 0.91900 0.02150
 0.91950 0.02150
 0.92000 0.02149
 0.92050 0.02148
 0.92100 0.02148
 0.92150 0.02147
 0.92200 0.02146
 0.92250 0.02146
 0.92300 0.02145
 0.92350 0.02144
 0.92400 0.02144
 0.92450 0.02143
 0.92500 0.02142
 0.92550 0.02141
 0.92600 0.02141
 0.92650 0.02140
 0.92700 0.02139
 0.92750 0.02139
 0.92800 0.02138
 0.92850 0.02137
 0.92900 0.02137
 0.92950 0.02136
 0.93000 0.02135
 0.93050 0.02135
 0.93100 0.02134
 0.93150 0.02133
 0.93200 0.02133
 0.93250 0.02132
 0.93300 0.02131
 0.93350 0.02131
 0.93400 0.02130
 0.93450 0.02129
 0.93500 0.02129
 0.93550 0.02128
 0.93600 0.02127
 0.93650 0.02127
 0.93700 0.02126
 0.93750 0.02125
 0.93800 0.02125
 0.93850 0.02124
 0.93900 0.02123
 0.93950 0.02123
 0.94000 0.02122
 0.94050 0.02121
 0.94100 0.02121
 0.94150 0.02120
 0.94200 0.02119
 0.94250 0.02119
 0.94300 0.02118
 0.94350 0.02117
 0.94400 0.02117
 0.94450 0.02116
 0.94500 0.02116
 0.94550 0.02115
 0.94600 0.02114
 0.94650 0.02114
 0.94700 0.02113
 0.94750 0.02112
 0.94800 0.02112
 0.94850 0.02111
 0.94900 0.02110
 0.94950 0.02110
 0.95000 0.02109
 0.95050 0.02108
 0.95100 0.02108
 0.95150 0.02107
 0.95200 0.02106
 0.95250 0.02106
 0.95300 0.02105
 0.95350 0.02104
 0.95400 0.02104
 0.95450 0.02103
 0.95500 0.02103
 0.95550 0.02102
 0.95600 0.02101
 0.95650 0.02101
 0.95700 0.02100
 0.95750 0.02099
 0.95800 0.02099
 0.95850 0.02098
 0.95900 0.02097
 0.95950 0.02097
 0.96000 0.02096
 0.96050 0.02095
 0.96100 0.02095
 0.96150 0.02094
 0.96200 0.02094
 0.96250 0.02093
 0.96300 0.02092
 0.96350 0.02092
 0.96400 0.02091
 0.96450 0.02090
 0.96500 0.02090
 0.96550 0.02089
 0.96600 0.02088
 0.96650 0.02088
 0.96700 0.02087
 0.96750 0.02087
 0.96800 0.02086
 0.96850 0.02085
 0.96900 0.02085
 0.96950 0.02084
 0.97000 0.02083
 0.97050 0.02083
 0.97100 0.02082
 0.97150 0.02081
 0.97200 0.02081
 0.97250 0.02080
 0.97300 0.02080
 0.97350 0.02079
 0.97400 0.02078
 0.97450 0.02078
 0.97500 0.02077
 0.97550 0.02076
 0.97600 0.02076
 0.97650 0.02075
 0.97700 0.02075
 0.97750 0.02074
 0.97800 0.02073
 0.97850 0.02073
 0.97900 0.02072
 0.97950 0.02071
 0.98000 0.02071
 0.98050 0.02070
 0.98100 0.02070
 0.98150 0.02069
 0.98200 0.02068
 0.98250 0.02068
 0.98300 0.02067
 0.98350 0.02066
 0.98400 0.02066
 0.98450 0.02065
 0.98500 0.02065
 0.98550 0.02064
 0.98600 0.02063
 0.98650 0.02063
 0.98700 0.02062
 0.98750 0.02062
 0.98800 0.02061
 0.98850 0.02060
 0.98900 0.02060
 0.98950 0.02059
 0.99000 0.02058
 0.99050 0.02058
 0.99100 0.02057
 0.99150 0.02057
 0.99200 0.02056
 0.99250 0.02055
 0.99300 0.02055
 0.99350 0.02054
 0.99400 0.02054
 0.99450 0.02053
 0.99500 0.02052
 0.99550 0.02052
 0.99600 0.02051
 0.99650 0.02051
 0.99700 0.02050
 0.99750 0.02049
 0.99800 0.02049
 0.99850 0.02048
 0.99900 0.02047
 0.99950 0.02047
 1.00000 0.02046
 1.00050 0.02046
