 0.00000 1.00000
 0.00050 0.70707
 0.00100 0.57727
 0.00150 0.49987
 0.00200 0.44705
 0.00250 0.40804
 0.00300 0.37772
 0.00350 0.35328
 0.00400 0.33303
 0.00450 0.31590
 0.00500 0.30115
 0.00550 0.28829
 0.00600 0.27694
 0.00650 0.26683
 0.00700 0.25774
 0.00750 0.24952
 0.00800 0.24203
 0.00850 0.23518
 0.00900 0.22887
 0.00950 0.22304
 0.01000 0.21763
 0.01050 0.21260
 0.01100 0.20789
 0.01150 0.20348
 0.01200 0.19934
 0.01250 0.19544
 0.01300 0.19176
 0.01350 0.18827
 0.01400 0.18497
 0.01450 0.18183
 0.01500 0.17885
 0.01550 0.17600
 0.01600 0.17329
 0.01650 0.17069
 0.01700 0.16821
 0.01750 0.16583
 0.01800 0.16355
 0.01850 0.16136
 0.01900 0.15925
 0.01950 0.15722
 0.02000 0.15527
 0.02050 0.15338
 0.02100 0.15156
 0.02150 0.14981
 0.02200 0.14811
 0.02250 0.14647
 0.02300 0.14488
 0.02350 0.14334
 0.02400 0.14184
 0.02450 0.14040
 0.02500 0.13899
 0.02550 0.13762
 0.02600 0.13630
 0.02650 0.13501
 0.02700 0.13375
 0.02750 0.13253
 0.02800 0.13134
 0.02850 0.13018
 0.02900 0.12906
 0.02950 0.12795
 0.03000 0.12688
 0.03050 0.12583
 0.03100 0.12481
 0.03150 0.12381
 0.03200 0.12283
 0.03250 0.12188
 0.03300 0.12095
 0.03350 0.12004
 0.03400 0.11914
 0.03450 0.11827
 0.03500 0.11741
 0.03550 0.11658
 0.03600 0.11576
 0.03650 0.11495
 0.03700 0.11416
 0.03750 0.11339
 0.03800 0.11264
 0.03850 0.11189
 0.03900 0.11116
 0.03950 0.11045
 0.04000 0.10975
 0.04050 0.10906
 0.04100 0.10838
 0.04150 0.10772
 0.04200 0.10706
 0.04250 0.10642
 0.04300 0.10579
 0.04350 0.10517
 0.04400 0.10456
 0.04450 0.10396
 0.04500 0.10337
 0.04550 0.10279
 0.04600 0.10222
 0.04650 0.10166
 0.04700 0.10110
 0.04750 0.10056
 0.04800 0.10002
 0.04850 0.09949
 0.04900 0.09897
 0.04950 0.09846
 0.05000 0.09796
 0.05050 0.09746
 0.05100 0.09697
 0.05150 0.09648
 0.05200 0.09601
 0.05250 0.09554
 0.05300 0.09508
 0.05350 0.09462
 0.05400 0.09417
 0.05450 0.09372
 0.05500 0.09328
 0.05550 0.09285
 0.05600 0.09242
 0.05650 0.09200
 0.05700 0.09159
 0.05750 0.09118
 0.05800 0.09077
 0.05850 0.09037
 0.05900 0.08997
 0.05950 0.08958
 0.06000 0.08920
 0.06050 0.08882
 0.06100 0.08844
 0.06150 0.08807
 0.06200 0.08770
 0.06250 0.08734
 0.06300 0.08698
 0.06350 0.08662
 0.06400 0.08627
 0.06450 0.08592
 0.06500 0.08558
 0.06550 0.08524
 0.06600 0.08491
 0.06650 0.08458
 0.06700 0.08425
 0.06750 0.08392
 0.06800 0.08360
 0.06850 0.08329
 0.06900 0.08297
 0.06950 0.08266
 0.07000 0.08235
 0.07050 0.08205
 0.07100 0.08175
 0.07150 0.08145
 0.07200 0.08115
 0.07250 0.08086
 0.07300 0.08057
 0.07350 0.08029
 0.07400 0.08000
 0.07450 0.07972
 0.07500 0.07945
 0.07550 0.07917
 0.07600 0.07890
 0.07650 0.07863
 0.07700 0.07836
 0.07750 0.07810
 0.07800 0.07783
 0.07850 0.07757
 0.07900 0.07732
 0.07950 0.07706
 0.08000 0.07681
 0.08050 0.07656
 0.08100 0.07631
 0.08150 0.07606
 0.08200 0.07582
 0.08250 0.07558
 0.08300 0.07534
 0.08350 0.07510
 0.08400 0.07487
 0.08450 0.07463
 0.08500 0.07440
 0.08550 0.07417
 0.08600 0.07395
 0.08650 0.07372
 0.08700 0.07350
 0.08750 0.07328
 0.08800 0.07306
 0.08850 0.07284
 0.08900 0.07262
 0.08950 0.07241
 0.09000 0.07220
 0.09050 0.07199
 0.09100 0.07178
 0.09150 0.07157
 0.09200 0.07136
 0.09250 0.07116
 0.09300 0.07096
 0.09350 0.07076
 0.09400 0.07056
 0.09450 0.07036
 0.09500 0.07016
 0.09550 0.06997
 0.09600 0.06977
 0.09650 0.06958
 0.09700 0.06939
 0.09750 0.06920
 0.09800 0.06902
 0.09850 0.06883
 0.09900 0.06864
 0.09950 0.06846
 0.10000 0.06828
 0.10050 0.06810
 0.10100 0.06792
 0.10150 0.06774
 0.10200 0.06756
 0.10250 0.06739
 0.10300 0.06721
 0.10350 0.06704
 0.10400 0.06687
 0.10450 0.06670
 0.10500 0.06653
 0.10550 0.06636
 0.10600 0.06619
 0.10650 0.06603
 0.10700 0.06586
 0.10750 0.06570
 0.10800 0.06554
 0.10850 0.06537
 0.10900 0.06521
 0.10950 0.06505
 0.11000 0.06490
 0.11050 0.06474
 0.11100 0.06458
 0.11150 0.06443
 0.11200 0.06427
 0.11250 0.06412
 0.11300 0.06397
 0.11350 0.06382
 0.11400 0.06367
 0.11450 0.06352
 0.11500 0.06337
 0.11550 0.06322
 0.11600 0.06307
 0.11650 0.06293
 0.11700 0.06278
 0.11750 0.06264
 0.11800 0.06250
 0.11850 0.06235
 0.11900 0.06221
 0.11950 0.06207
 0.12000 0.06193
 0.12050 0.06179
 0.12100 0.06166
 0.12150 0.06152
 0.12200 0.06138
 0.12250 0.06125
 0.12300 0.06111
 0.12350 0.06098
 0.12400 0.06085
 0.12450 0.06072
 0.12500 0.06058
 0.12550 0.06045
 0.12600 0.06032
 0.12650 0.06019
 0.12700 0.06007
 0.12750 0.05994
 0.12800 0.05981
 0.12850 0.05969
 0.12900 0.05956
 0.12950 0.05943
 0.13000 0.05931
 0.13050 0.05919
 0.13100 0.05906
 0.13150 0.05894
 0.13200 0.05882
 0.13250 0.05870
 0.13300 0.05858
 0.13350 0.05846
 0.13400 0.05834
 0.13450 0.05822
 0.13500 0.05811
 0.13550 0.05799
 0.13600 0.05787
 0.13650 0.05776
 0.13700 0.05764
 0.13750 0.05753
 0.13800 0.05742
 0.13850 0.05730
 0.13900 0.05719
 0.13950 0.05708
 0.14000 0.05697
 0.14050 0.05686
 0.14100 0.05674
 0.14150 0.05664
 0.14200 0.05653
 0.14250 0.05642
 0.14300 0.05631
 0.14350 0.05620
 0.14400 0.05610
 0.14450 0.05599
 0.14500 0.05588
 0.14550 0.05578
 0.14600 0.05567
 0.14650 0.05557
 0.14700 0.05546
 0.14750 0.05536
 0.14800 0.05526
 0.14850 0.05516
 0.14900 0.05505
 0.14950 0.05495
 0.15000 0.05485
 0.15050 0.05475
 0.15100 0.05465
 0.15150 0.05455
 0.15200 0.05445
 0.15250 0.05436
 0.15300 0.05426
 0.15350 0.05416
 0.15400 0.05406
 0.15450 0.05397
 0.15500 0.05387
 0.15550 0.05378
 0.15600 0.05368
 0.15650 0.05359
 0.15700 0.05349
 0.15750 0.05340
 0.15800 0.05330
 0.15850 0.05321
 0.15900 0.05312
 0.15950 0.05303
 0.16000 0.05293
 0.16050 0.05284
 0.16100 0.05275
 0.16150 0.05266
 0.16200 0.05257
 0.16250 0.05248
 0.16300 0.05239
 0.16350 0.05230
 0.16400 0.05222
 0.16450 0.05213
 0.16500 0.05204
 0.16550 0.05195
 0.16600 0.05187
 0.16650 0.05178
 0.16700 0.05169
 0.16750 0.05161
 0.16800 0.05152
 0.16850 0.05144
 0.16900 0.05135
 0.16950 0.05127
 0.17000 0.05118
 0.17050 0.05110
 0.17100 0.05102
 0.17150 0.05093
 0.17200 0.05085
 0.17250 0.05077
 0.17300 0.05069
 0.17350 0.05060
 0.17400 0.05052
 0.17450 0.05044
 0.17500 0.05036
 0.17550 0.05028
 0.17600 0.05020
 0.17650 0.05012
 0.17700 0.05004
 0.17750 0.04996
 0.17800 0.04988
 0.17850 0.04981
 0.17900 0.04973
 0.17950 0.04965
 0.18000 0.04957
 0.18050 0.04950
 0.18100 0.04942
 0.18150 0.04934
 0.18200 0.04927
 0.18250 0.04919
 0.18300 0.04912
 0.18350 0.04904
 0.18400 0.04897
 0.18450 0.04889
 0.18500 0.04882
 0.18550 0.04874
 0.18600 0.04867
 0.18650 0.04860
 0.18700 0.04852
 0.18750 0.04845
 0.18800 0.04838
 0.18850 0.04830
 0.18900 0.04823
 0.18950 0.04816
 0.19000 0.04809
 0.19050 0.04802
 0.19100 0.04795
 0.19150 0.04788
 0.19200 0.04781
 0.19250 0.04774
 0.19300 0.04767
 0.19350 0.04760
 0.19400 0.04753
 0.19450 0.04746
 0.19500 0.04739
 0.19550 0.04732
 0.19600 0.04725
 0.19650 0.04718
 0.19700 0.04711
 0.19750 0.04705
 0.19800 0.04698
 0.19850 0.04691
 0.19900 0.04685
 0.19950 0.04678
 0.20000 0.04671
 0.20050 0.04665
 0.20100 0.04658
 0.20150 0.04651
 0.20200 0.04645
 0.20250 0.04638
 0.20300 0.04632
 0.20350 0.04625
 0.20400 0.04619
 0.20450 0.04613
 0.20500 0.04606
 0.20550 0.04600
 0.20600 0.04593
 0.20650 0.04587
 0.20700 0.04581
 0.20750 0.04574
 0.20800 0.04568
 0.20850 0.04562
 0.20900 0.04556
 0.20950 0.04549
 0.21000 0.04543
 0.21050 0.04537
 0.21100 0.04531
 0.21150 0.04525
 0.21200 0.04519
 0.21250 0.04513
 0.21300 0.04507
 0.21350 0.04500
 0.21400 0.04494
 0.21450 0.04488
 0.21500 0.04482
 0.21550 0.04476
 0.21600 0.04471
 0.21650 0.04465
 0.21700 0.04459
 0.21750 0.04453
 0.21800 0.04447
 0.21850 0.04441
 0.21900 0.04435
 0.21950 0.04429
 0.22000 0.04424
 0.22050 0.04418
 0.22100 0.04412
 0.22150 0.04406
 0.22200 0.04401
 0.22250 0.04395
 0.22300 0.04389
 0.22350 0.04384
 0.22400 0.04378
 0.22450 0.04372
 0.22500 0.04367
 0.22550 0.04361
 0.22600 0.04356
 0.22650 0.04350
 0.22700 0.04345
 0.22750 0.04339
 0.22800 0.04333
 0.22850 0.04328
 0.22900 0.04323
 0.22950 0.04317
 0.23000 0.04312
 0.23050 0.04306
 0.23100 0.04301
 0.23150 0.04295
 0.23200 0.04290
 0.23250 0.04285
 0.23300 0.04279
 0.23350 0.04274
 0.23400 0.04269
 0.23450 0.04264
 0.23500 0.04258
 0.23550 0.04253
 0.23600 0.04248
 0.23650 0.04243
 0.23700 0.04237
 0.23750 0.04232
 0.23800 0.04227
 0.23850 0.04222
 0.23900 0.04217
 0.23950 0.04212
 0.24000 0.04206
 0.24050 0.04201
 0.24100 0.04196
 0.24150 0.04191
 0.24200 0.04186
 0.24250 0.04181
 0.24300 0.04176
 0.24350 0.04171
 0.24400 0.04166
 0.24450 0.04161
 0.24500 0.04156
 0.24550 0.04151
 0.24600 0.04146
 0.24650 0.04141
 0.24700 0.04136
 0.24750 0.04132
 0.24800 0.04127
 0.24850 0.04122
 0.24900 0.04117
 0.24950 0.04112
 0.25000 0.04107
 0.25050 0.04102
 0.25100 0.04098
 0.25150 0.04093
 0.25200 0.04088
 0.25250 0.04083
 0.25300 0.04079
 0.25350 0.04074
 0.25400 0.04069
 0.25450 0.04065
 0.25500 0.04060
 0.25550 0.04055
 0.25600 0.04051
 0.25650 0.04046
 0.25700 0.04041
 0.25750 0.04037
 0.25800 0.04032
 0.25850 0.04027
 0.25900 0.04023
 0.25950 0.04018
 0.26000 0.04014
 0.26050 0.04009
 0.26100 0.04005
 0.26150 0.04000
 0.26200 0.03996
 0.26250 0.03991
 0.26300 0.03987
 0.26350 0.03982
 0.26400 0.03978
 0.26450 0.03973
 0.26500 0.03969
 0.26550 0.03964
 0.26600 0.03960
 0.26650 0.03956
 0.26700 0.03951
 0.26750 0.03947
 0.26800 0.03942
 0.26850 0.03938
 0.26900 0.03934
 0.26950 0.03929
 0.27000 0.03925
 0.27050 0.03921
 0.27100 0.03916
 0.27150 0.03912
 0.27200 0.03908
 0.27250 0.03904
 0.27300 0.03899
 0.27350 0.03895
 0.27400 0.03891
 0.27450 0.03887
 0.27500 0.03883
 0.27550 0.03878
 0.27600 0.03874
 0.27650 0.03870
 0.27700 0.03866
 0.27750 0.03862
 0.27800 0.03857
 0.27850 0.03853
 0.27900 0.03849
 0.27950 0.03845
 0.28000 0.03841
 0.28050 0.03837
 0.28100 0.03833
 0.28150 0.03829
 0.28200 0.03825
 0.28250 0.03821
 0.28300 0.03817
 0.28350 0.03813
 0.28400 0.03809
 0.28450 0.03805
 0.28500 0.03801
 0.28550 0.03797
 0.28600 0.03793
 0.28650 0.03789
 0.28700 0.03785
 0.28750 0.03781
 0.28800 0.03777
 0.28850 0.03773
 0.28900 0.03769
 0.28950 0.03765
 0.29000 0.03761
 0.29050 0.03757
 0.29100 0.03753
 0.29150 0.03750
 0.29200 0.03746
 0.29250 0.03742
 0.29300 0.03738
 0.29350 0.03734
 0.29400 0.03730
 0.29450 0.03726
 0.29500 0.03723
 0.29550 0.03719
 0.29600 0.03715
 0.29650 0.03711
 0.29700 0.03708
 0.29750 0.03704
 0.29800 0.03700
 0.29850 0.03696
 0.29900 0.03693
 0.29950 0.03689
 0.30000 0.03685
 0.30050 0.03681
 0.30100 0.03678
 0.30150 0.03674
 0.30200 0.03670
 0.30250 0.03667
 0.30300 0.03663
 0.30350 0.03659
 0.30400 0.03656
 0.30450 0.03652
 0.30500 0.03648
 0.30550 0.03645
 0.30600 0.03641
 0.30650 0.03638
 0.30700 0.03634
 0.30750 0.03630
 0.30800 0.03627
 0.30850 0.03623
 0.30900 0.03620
 0.30950 0.03616
 0.31000 0.03613
 0.31050 0.03609
 0.31100 0.03606
 0.31150 0.03602
 0.31200 0.03598
 0.31250 0.03595
 0.31300 0.03591
 0.31350 0.03588
 0.31400 0.03584
 0.31450 0.03581
 0.31500 0.03578
 0.31550 0.03574
 0.31600 0.03571
 0.31650 0.03567
 0.31700 0.03564
 0.31750 0.03560
 0.31800 0.03557
 0.31850 0.03553
 0.31900 0.03550
 0.31950 0.03547
 0.32000 0.03543
 0.32050 0.03540
 0.32100 0.03537
 0.32150 0.03533
 0.32200 0.03530
 0.32250 0.03526
 0.32300 0.03523
 0.32350 0.03520
 0.32400 0.03516
 0.32450 0.03513
 0.32500 0.03510
 0.32550 0.03506
 0.32600 0.03503
 0.32650 0.03500
 0.32700 0.03497
 0.32750 0.03493
 0.32800 0.03490
 0.32850 0.03487
 0.32900 0.03484
 0.32950 0.03480
 0.33000 0.03477
 0.33050 0.03474
 0.33100 0.03471
 0.33150 0.03467
 0.33200 0.03464
 0.33250 0.03461
 0.33300 0.03458
 0.33350 0.03455
 0.33400 0.03451
 0.33450 0.03448
 0.33500 0.03445
 0.33550 0.03442
 0.33600 0.03439
 0.33650 0.03435
 0.33700 0.03432
 0.33750 0.03429
 0.33800 0.03426
 0.33850 0.03423
 0.33900 0.03420
 0.33950 0.03417
 0.34000 0.03414
 0.34050 0.03410
 0.34100 0.03407
 0.34150 0.03404
 0.34200 0.03401
 0.34250 0.03398
 0.34300 0.03395
 0.34350 0.03392
 0.34400 0.03389
 0.34450 0.03386
 0.34500 0.03383
 0.34550 0.03380
 0.34600 0.03377
 0.34650 0.03374
 0.34700 0.03371
 0.34750 0.03368
 0.34800 0.03365
 0.34850 0.03362
 0.34900 0.03359
 0.34950 0.03356
 0.35000 0.03353
 0.35050 0.03350
 0.35100 0.03347
 0.35150 0.03344
 0.35200 0.03341
 0.35250 0.03338
 0.35300 0.03335
 0.35350 0.03332
 0.35400 0.03329
 0.35450 0.03326
 0.35500 0.03323
 0.35550 0.03320
 0.35600 0.03317
 0.35650 0.03314
 0.35700 0.03311
 0.35750 0.03309
 0.35800 0.03306
 0.35850 0.03303
 0.35900 0.03300
 0.35950 0.03297
 0.36000 0.03294
 0.36050 0.03291
 0.36100 0.03288
 0.36150 0.03286
 0.36200 0.03283
 0.36250 0.03280
 0.36300 0.03277
 0.36350 0.03274
 0.36400 0.03271
 0.36450 0.03269
 0.36500 0.03266
 0.36550 0.03263
 0.36600 0.03260
 0.36650 0.03257
 0.36700 0.03255
 0.36750 0.03252
 0.36800 0.03249
 0.36850 0.03246
 0.36900 0.03243
 0.36950 0.03241
 0.37000 0.03238
 0.37050 0.03235
 0.37100 0.03232
 0.37150 0.03230
 0.37200 0.03227
 0.37250 0.03224
 0.37300 0.03221
 0.37350 0.03219
 0.37400 0.03216
 0.37450 0.03213
 0.37500 0.03211
 0.37550 0.03208
 0.37600 0.03205
 0.37650 0.03203
 0.37700 0.03200
 0.37750 0.03197
 0.37800 0.03194
 0.37850 0.03192
 0.37900 0.03189
 0.37950 0.03186
 0.38000 0.03184
 0.38050 0.03181
 0.38100 0.03178
 0.38150 0.03176
 0.38200 0.03173
 0.38250 0.03171
 0.38300 0.03168
 0.38350 0.03165
 0.38400 0.03163
 0.38450 0.03160
 0.38500 0.03157
 0.38550 0.03155
 0.38600 0.03152
 0.38650 0.03150
 0.38700 0.03147
 0.38750 0.03144
 0.38800 0.03142
 0.38850 0.03139
 0.38900 0.03137
 0.38950 0.03134
 0.39000 0.03132
 0.39050 0.03129
 0.39100 0.03127
 0.39150 0.03124
 0.39200 0.03121
 0.39250 0.03119
 0.39300 0.03116
 0.39350 0.03114
 0.39400 0.03111
 0.39450 0.03109
 0.39500 0.03106
 0.39550 0.03104
 0.39600 0.03101
 0.39650 0.03099
 0.39700 0.03096
 0.39750 0.03094
 0.39800 0.03091
 0.39850 0.03089
 0.39900 0.03086
 0.39950 0.03084
 0.40000 0.03081
 0.40050 0.03079
 0.40100 0.03076
 0.40150 0.03074
 0.40200 0.03071
 0.40250 0.03069
 0.40300 0.03067
 0.40350 0.03064
 0.40400 0.03062
 0.40450 0.03059
 0.40500 0.03057
 0.40550 0.03054
 0.40600 0.03052
 0.40650 0.03050
 0.40700 0.03047
 0.40750 0.03045
 0.40800 0.03042
 0.40850 0.03040
 0.40900 0.03038
 0.40950 0.03035
 0.41000 0.03033
 0.41050 0.03030
 0.41100 0.03028
 0.41150 0.03026
 0.41200 0.03023
 0.41250 0.03021
 0.41300 0.03018
 0.41350 0.03016
 0.41400 0.03014
 0.41450 0.03011
 0.41500 0.03009
 0.41550 0.03007
 0.41600 0.03004
 0.41650 0.03002
 0.41700 0.03000
 0.41750 0.02997
 0.41800 0.02995
 0.41850 0.02993
 0.41900 0.02990
 0.41950 0.02988
 0.42000 0.02986
 0.42050 0.02984
 0.42100 0.02981
 0.42150 0.02979
 0.42200 0.02977
 0.42250 0.02974
 0.42300 0.02972
 0.42350 0.02970
 0.42400 0.02967
 0.42450 0.02965
 0.42500 0.02963
 0.42550 0.02961
 0.42600 0.02958
 0.42650 0.02956
 0.42700 0.02954
 0.42750 0.02952
 0.42800 0.02949
 0.42850 0.02947
 0.42900 0.02945
 0.42950 0.02943
 0.43000 0.02940
 0.43050 0.02938
 0.43100 0.02936
 0.43150 0.02934
 0.43200 0.02932
 0.43250 0.02929
 0.43300 0.02927
 0.43350 0.02925
 0.43400 0.02923
 0.43450 0.02920
 0.43500 0.02918
 0.43550 0.02916
 0.43600 0.02914
 0.43650 0.02912
 0.43700 0.02910
 0.43750 0.02907
 0.43800 0.02905
 0.43850 0.02903
 0.43900 0.02901
 0.43950 0.02899
 0.44000 0.02896
 0.44050 0.02894
 0.44100 0.02892
 0.44150 0.02890
 0.44200 0.02888
 0.44250 0.02886
 0.44300 0.02884
 0.44350 0.02881
 0.44400 0.02879
 0.44450 0.02877
 0.44500 0.02875
 0.44550 0.02873
 0.44600 0.02871
 0.44650 0.02869
 0.44700 0.02867
 0.44750 0.02864
 0.44800 0.02862
 0.44850 0.02860
 0.44900 0.02858
 0.44950 0.02856
 0.45000 0.02854
 0.45050 0.02852
 0.45100 0.02850
 0.45150 0.02848
 0.45200 0.02846
 0.45250 0.02843
 0.45300 0.02841
 0.45350 0.02839
 0.45400 0.02837
 0.45450 0.02835
 0.45500 0.02833
 0.45550 0.02831
 0.45600 0.02829
 0.45650 0.02827
 0.45700 0.02825
 0.45750 0.02823
 0.45800 0.02821
 0.45850 0.02819
 0.45900 0.02817
 0.45950 0.02815
 0.46000 0.02813
 0.46050 0.02811
 0.46100 0.02809
 0.46150 0.02807
 0.46200 0.02805
 0.46250 0.02803
 0.46300 0.02801
 0.46350 0.02799
 0.46400 0.02797
 0.46450 0.02795
 0.46500 0.02793
 0.46550 0.02791
 0.46600 0.02789
 0.46650 0.02787
 0.46700 0.02785
 0.46750 0.02783
 0.46800 0.02781
 0.46850 0.02779
 0.46900 0.02777
 0.46950 0.02775
 0.47000 0.02773
 0.47050 0.02771
 0.47100 0.02769
 0.47150 0.02767
 0.47200 0.02765
 0.47250 0.02763
 0.47300 0.02761
 0.47350 0.02759
 0.47400 0.02757
 0.47450 0.02755
 0.47500 0.02753
 0.47550 0.02751
 0.47600 0.02749
 0.47650 0.02747
 0.47700 0.02745
 0.47750 0.02743
 0.47800 0.02741
 0.47850 0.02740
 0.47900 0.02738
 0.47950 0.02736
 0.48000 0.02734
 0.48050 0.02732
 0.48100 0.02730
 0.48150 0.02728
 0.48200 0.02726
 0.48250 0.02724
 0.48300 0.02722
 0.48350 0.02720
 0.48400 0.02719
 0.48450 0.02717
 0.48500 0.02715
 0.48550 0.02713
 0.48600 0.02711
 0.48650 0.02709
 0.48700 0.02707
 0.48750 0.02705
 0.48800 0.02704
 0.48850 0.02702
 0.48900 0.02700
 0.48950 0.02698
 0.49000 0.02696
 0.49050 0.02694
 0.49100 0.02692
 0.49150 0.02691
 0.49200 0.02689
 0.49250 0.02687
 0.49300 0.02685
 0.49350 0.02683
 0.49400 0.02681
 0.49450 0.02679
 0.49500 0.02678
 0.49550 0.02676
 0.49600 0.02674
 0.49650 0.02672
 0.49700 0.02670
 0.49750 0.02668
 0.49800 0.02667
 0.49850 0.02665
 0.49900 0.02663
 0.49950 0.02661
 0.50000 0.02659
 0.50050 0.02658
 0.50100 0.02656
 0.50150 0.02654
 0.50200 0.02652
 0.50250 0.02650
 0.50300 0.02649
 0.50350 0.02647
 0.50400 0.02645
 0.50450 0.02643
 0.50500 0.02641
 0.50550 0.02640
 0.50600 0.02638
 0.50650 0.02636
 0.50700 0.02634
 0.50750 0.02633
 0.50800 0.02631
 0.50850 0.02629
 0.50900 0.02627
 0.50950 0.02626
 0.51000 0.02624
 0.51050 0.02622
 0.51100 0.02620
 0.51150 0.02619
 0.51200 0.02617
 0.51250 0.02615
 0.51300 0.02613
 0.51350 0.02612
 0.51400 0.02610
 0.51450 0.02608
 0.51500 0.02606
 0.51550 0.02605
 0.51600 0.02603
 0.51650 0.02601
 0.51700 0.02599
 0.51750 0.02598
 0.51800 0.02596
 0.51850 0.02594
 0.51900 0.02593
 0.51950 0.02591
 0.52000 0.02589
 0.52050 0.02587
 0.52100 0.02586
 0.52150 0.02584
 0.52200 0.02582
 0.52250 0.02581
 0.52300 0.02579
 0.52350 0.02577
 0.52400 0.02575
 0.52450 0.02574
 0.52500 0.02572
 0.52550 0.02570
 0.52600 0.02569
 0.52650 0.02567
 0.52700 0.02565
 0.52750 0.02564
 0.52800 0.02562
 0.52850 0.02560
 0.52900 0.02559
 0.52950 0.02557
 0.53000 0.02555
 0.53050 0.02554
 0.53100 0.02552
 0.53150 0.02550
 0.53200 0.02549
 0.53250 0.02547
 0.53300 0.02545
 0.53350 0.02544
 0.53400 0.02542
 0.53450 0.02540
 0.53500 0.02539
 0.53550 0.02537
 0.53600 0.02535
 0.53650 0.02534
 0.53700 0.02532
 0.53750 0.02531
 0.53800 0.02529
 0.53850 0.02527
 0.53900 0.02526
 0.53950 0.02524
 0.54000 0.02522
 0.54050 0.02521
 0.54100 0.02519
 0.54150 0.02518
 0.54200 0.02516
 0.54250 0.02514
 0.54300 0.02513
 0.54350 0.02511
 0.54400 0.02509
 0.54450 0.02508
 0.54500 0.02506
 0.54550 0.02505
 0.54600 0.02503
 0.54650 0.02501
 0.54700 0.02500
 0.54750 0.02498
 0.54800 0.02497
 0.54850 0.02495
 0.54900 0.02494
 0.54950 0.02492
 0.55000 0.02490
 0.55050 0.02489
 0.55100 0.02487
 0.55150 0.02486
 0.55200 0.02484
 0.55250 0.02482
 0.55300 0.02481
 0.55350 0.02479
 0.55400 0.02478
 0.55450 0.02476
 0.55500 0.02475
 0.55550 0.02473
 0.55600 0.02471
 0.55650 0.02470
 0.55700 0.02468
 0.55750 0.02467
 0.55800 0.02465
 0.55850 0.02464
 0.55900 0.02462
 0.55950 0.02461
 0.56000 0.02459
 0.56050 0.02458
 0.56100 0.02456
 0.56150 0.02454
 0.56200 0.02453
 0.56250 0.02451
 0.56300 0.02450
 0.56350 0.02448
 0.56400 0.02447
 0.56450 0.02445
 0.56500 0.02444
 0.56550 0.02442
 0.56600 0.02441
 0.56650 0.02439
 0.56700 0.02438
 0.56750 0.02436
 0.56800 0.02435
 0.56850 0.02433
 0.56900 0.02432
 0.56950 0.02430
 0.57000 0.02429
 0.57050 0.02427
 0.57100 0.02426
 0.57150 0.02424
 0.57200 0.02423
 0.57250 0.02421
 0.57300 0.02420
 0.57350 0.02418
 0.57400 0.02417
 0.57450 0.02415
 0.57500 0.02414
 0.57550 0.02412
 0.57600 0.02411
 0.57650 0.02409
 0.57700 0.02408
 0.57750 0.02406
 0.57800 0.02405
 0.57850 0.02403
 0.57900 0.02402
 0.57950 0.02400
 0.58000 0.02399
 0.58050 0.02397
 0.58100 0.02396
 0.58150 0.02394
 0.58200 0.02393
 0.58250 0.02391
 0.58300 0.02390
 0.58350 0.02389
 0.58400 0.02387
 0.58450 0.02386
 0.58500 0.02384
 0.58550 0.02383
 0.58600 0.02381
 0.58650 0.02380
 0.58700 0.02378
 0.58750 0.02377
 0.58800 0.02376
 0.58850 0.02374
 0.58900 0.02373
 0.58950 0.02371
 0.59000 0.02370
 0.59050 0.02368
 0.59100 0.02367
 0.59150 0.02365
 0.59200 0.02364
 0.59250 0.02363
 0.59300 0.02361
 0.59350 0.02360
 0.59400 0.02358
 0.59450 0.02357
 0.59500 0.02355
 0.59550 0.02354
 0.59600 0.02353
 0.59650 0.02351
 0.59700 0.02350
 0.59750 0.02348
 0.59800 0.02347
 0.59850 0.02346
 0.59900 0.02344
 0.59950 0.02343
 0.60000 0.02341
 0.60050 0.02340
 0.60100 0.02339
 0.60150 0.02337
 0.60200 0.02336
 0.60250 0.02334
 0.60300 0.02333
 0.60350 0.02332
 0.60400 0.02330
 0.60450 0.02329
 0.60500 0.02327
 0.60550 0.02326
 0.60600 0.02325
 0.60650 0.02323
 0.60700 0.02322
 0.60750 0.02321
 0.60800 0.02319
 0.60850 0.02318
 0.60900 0.02316
 0.60950 0.02315
 0.61000 0.02314
 0.61050 0.02312
 0.61100 0.02311
 0.61150 0.02310
 0.61200 0.02308
 0.61250 0.02307
 0.61300 0.02305
 0.61350 0.02304
 0.61400 0.02303
 0.61450 0.02301
 0.61500 0.02300
 0.61550 0.02299
 0.61600 0.02297
 0.61650 0.02296
 0.61700 0.02295
 0.61750 0.02293
 0.61800 0.02292
 0.61850 0.02291
 0.61900 0.02289
 0.61950 0.02288
 0.62000 0.02287
 0.62050 0.02285
 0.62100 0.02284
 0.62150 0.02283
 0.62200 0.02281
 0.62250 0.02280
 0.62300 0.02279
 0.62350 0.02277
 0.62400 0.02276
 0.62450 0.02275
 0.62500 0.02273
 0.62550 0.02272
 0.62600 0.02271
 0.62650 0.02269
 0.62700 0.02268
 0.62750 0.02267
 0.62800 0.02265
 0.62850 0.02264
 0.62900 0.02263
 0.62950 0.02261
 0.63000 0.02260
 0.63050 0.02259
 0.63100 0.02257
 0.63150 0.02256
 0.63200 0.02255
 0.63250 0.02254
 0.63300 0.02252
 0.63350 0.02251
 0.63400 0.02250
 0.63450 0.02248
 0.63500 0.02247
 0.63550 0.02246
 0.63600 0.02244
 0.63650 0.02243
 0.63700 0.02242
 0.63750 0.02241
 0.63800 0.02239
 0.63850 0.02238
 0.63900 0.02237
 0.63950 0.02235
 0.64000 0.02234
 0.64050 0.02233
 0.64100 0.02232
 0.64150 0.02230
 0.64200 0.02229
 0.64250 0.02228
 0.64300 0.02226
 0.64350 0.02225
 0.64400 0.02224
 0.64450 0.02223
 0.64500 0.02221
 0.64550 0.02220
 0.64600 0.02219
 0.64650 0.02218
 0.64700 0.02216
 0.64750 0.02215
 0.64800 0.02214
 0.64850 0.02213
 0.64900 0.02211
 0.64950 0.02210
 0.65000 0.02209
 0.65050 0.02207
 0.65100 0.02206
 0.65150 0.02205
 0.65200 0.02204
 0.65250 0.02202
 0.65300 0.02201
 0.65350 0.02200
 0.65400 0.02199
 0.65450 0.02198
 0.65500 0.02196
 0.65550 0.02195
 0.65600 0.02194
 0.65650 0.02193
 0.65700 0.02191
 0.65750 0.02190
 0.65800 0.02189
 0.65850 0.02188
 0.65900 0.02186
 0.65950 0.02185
 0.66000 0.02184
 0.66050 0.02183
 0.66100 0.02181
 0.66150 0.02180
 0.66200 0.02179
 0.66250 0.02178
 0.66300 0.02177
 0.66350 0.02175
 0.66400 0.02174
 0.66450 0.02173
 0.66500 0.02172
 0.66550 0.02170
 0.66600 0.02169
 0.66650 0.02168
 0.66700 0.02167
 0.66750 0.02166
 0.66800 0.02164
 0.66850 0.02163
 0.66900 0.02162
 0.66950 0.02161
 0.67000 0.02160
 0.67050 0.02158
 0.67100 0.02157
 0.67150 0.02156
 0.67200 0.02155
 0.67250 0.02154
 0.67300 0.02152
 0.67350 0.02151
 0.67400 0.02150
 0.67450 0.02149
 0.67500 0.02148
 0.67550 0.02146
 0.67600 0.02145
 0.67650 0.02144
 0.67700 0.02143
 0.67750 0.02142
 0.67800 0.02140
 0.67850 0.02139
 0.67900 0.02138
 0.67950 0.02137
 0.68000 0.02136
 0.68050 0.02135
 0.68100 0.02133
 0.68150 0.02132
 0.68200 0.02131
 0.68250 0.02130
 0.68300 0.02129
 0.68350 0.02128
 0.68400 0.02126
 0.68450 0.02125
 0.68500 0.02124
 0.68550 0.02123
 0.68600 0.02122
 0.68650 0.02121
 0.68700 0.02119
 0.68750 0.02118
 0.68800 0.02117
 0.68850 0.02116
 0.68900 0.02115
 0.68950 0.02114
 0.69000 0.02112
 0.69050 0.02111
 0.69100 0.02110
 0.69150 0.02109
 0.69200 0.02108
 0.69250 0.02107
 0.69300 0.02106
 0.69350 0.02104
 0.69400 0.02103
 0.69450 0.02102
 0.69500 0.02101
 0.69550 0.02100
 0.69600 0.02099
 0.69650 0.02097
 0.69700 0.02096
 0.69750 0.02095
 0.69800 0.02094
 0.69850 0.02093
 0.69900 0.02092
 0.69950 0.02091
 0.70000 0.02090
 0.70050 0.02088
 0.70100 0.02087
 0.70150 0.02086
 0.70200 0.02085
 0.70250 0.02084
 0.70300 0.02083
 0.70350 0.02082
 0.70400 0.02081
 0.70450 0.02079
 0.70500 0.02078
 0.70550 0.02077
 0.70600 0.02076
 0.70650 0.02075
 0.70700 0.02074
 0.70750 0.02073
 0.70800 0.02072
 0.70850 0.02070
 0.70900 0.02069
 0.70950 0.02068
 0.71000 0.02067
 0.71050 0.02066
 0.71100 0.02065
 0.71150 0.02064
 0.71200 0.02063
 0.71250 0.02062
 0.71300 0.02060
 0.71350 0.02059
 0.71400 0.02058
 0.71450 0.02057
 0.71500 0.02056
 0.71550 0.02055
 0.71600 0.02054
 0.71650 0.02053
 0.71700 0.02052
 0.71750 0.02051
 0.71800 0.02049
 0.71850 0.02048
 0.71900 0.02047
 0.71950 0.02046
 0.72000 0.02045
 0.72050 0.02044
 0.72100 0.02043
 0.72150 0.02042
 0.72200 0.02041
 0.72250 0.02040
 0.72300 0.02039
 0.72350 0.02038
 0.72400 0.02036
 0.72450 0.02035
 0.72500 0.02034
 0.72550 0.02033
 0.72600 0.02032
 0.72650 0.02031
 0.72700 0.02030
 0.72750 0.02029
 0.72800 0.02028
 0.72850 0.02027
 0.72900 0.02026
 0.72950 0.02025
 0.73000 0.02024
 0.73050 0.02022
 0.73100 0.02021
 0.73150 0.02020
 0.73200 0.02019
 0.73250 0.02018
 0.73300 0.02017
 0.73350 0.02016
 0.73400 0.02015
 0.73450 0.02014
 0.73500 0.02013
 0.73550 0.02012
 0.73600 0.02011
 0.73650 0.02010
 0.73700 0.02009
 0.73750 0.02008
 0.73800 0.02007
 0.73850 0.02006
 0.73900 0.02004
 0.73950 0.02003
 0.74000 0.02002
 0.74050 0.02001
 0.74100 0.02000
 0.74150 0.01999
 0.74200 0.01998
 0.74250 0.01997
 0.74300 0.01996
 0.74350 0.01995
 0.74400 0.01994
 0.74450 0.01993
 0.74500 0.01992
 0.74550 0.01991
 0.74600 0.01990
 0.74650 0.01989
 0.74700 0.01988
 0.74750 0.01987
 0.74800 0.01986
 0.74850 0.01985
 0.74900 0.01984
 0.74950 0.01983
 0.75000 0.01982
 0.75050 0.01981
 0.75100 0.01980
 0.75150 0.01978
 0.75200 0.01977
 0.75250 0.01976
 0.75300 0.01975
 0.75350 0.01974
 0.75400 0.01973
 0.75450 0.01972
 0.75500 0.01971
 0.75550 0.01970
 0.75600 0.01969
 0.75650 0.01968
 0.75700 0.01967
 0.75750 0.01966
 0.75800 0.01965
 0.75850 0.01964
 0.75900 0.01963
 0.75950 0.01962
 0.76000 0.01961
 0.76050 0.01960
 0.76100 0.01959
 0.76150 0.01958
 0.76200 0.01957
 0.76250 0.01956
 0.76300 0.01955
 0.76350 0.01954
 0.76400 0.01953
 0.76450 0.01952
 0.76500 0.01951
 0.76550 0.01950
 0.76600 0.01949
 0.76650 0.01948
 0.76700 0.01947
 0.76750 0.01946
 0.76800 0.01945
 0.76850 0.01944
 0.76900 0.01943
 0.76950 0.01942
 0.77000 0.01941
 0.77050 0.01940
 0.77100 0.01939
 0.77150 0.01938
 0.77200 0.01937
 0.77250 0.01936
 0.77300 0.01935
 0.77350 0.01934
 0.77400 0.01933
 0.77450 0.01932
 0.77500 0.01931
 0.77550 0.01930
 0.77600 0.01929
 0.77650 0.01928
 0.77700 0.01927
 0.77750 0.01926
 0.77800 0.01925
 0.77850 0.01924
 0.77900 0.01923
 0.77950 0.01922
 0.78000 0.01921
 0.78050 0.01920
 0.78100 0.01920
 0.78150 0.01919
 0.78200 0.01918
 0.78250 0.01917
 0.78300 0.01916
 0.78350 0.01915
 0.78400 0.01914
 0.78450 0.01913
 0.78500 0.01912
 0.78550 0.01911
 0.78600 0.01910
 0.78650 0.01909
 0.78700 0.01908
 0.78750 0.01907
 0.78800 0.01906
 0.78850 0.01905
 0.78900 0.01904
 0.78950 0.01903
 0.79000 0.01902
 0.79050 0.01901
 0.79100 0.01900
 0.79150 0.01899
 0.79200 0.01898
 0.79250 0.01897
 0.79300 0.01896
 0.79350 0.01895
 0.79400 0.01895
 0.79450 0.01894
 0.79500 0.01893
 0.79550 0.01892
 0.79600 0.01891
 0.79650 0.01890
 0.79700 0.01889
 0.79750 0.01888
 0.79800 0.01887
 0.79850 0.01886
 0.79900 0.01885
 0.79950 0.01884
 0.80000 0.01883
 0.80050 0.01882
 0.80100 0.01881
 0.80150 0.01880
 0.80200 0.01879
 0.80250 0.01878
 0.80300 0.01878
 0.80350 0.01877
 0.80400 0.01876
 0.80450 0.01875
 0.80500 0.01874
 0.80550 0.01873
 0.80600 0.01872
 0.80650 0.01871
 0.80700 0.01870
 0.80750 0.01869
 0.80800 0.01868
 0.80850 0.01867
 0.80900 0.01866
 0.80950 0.01865
 0.81000 0.01864
 0.81050 0.01864
 0.81100 0.01863
 0.81150 0.01862
 0.81200 0.01861
 0.81250 0.01860
 0.81300 0.01859
 0.81350 0.01858
 0.81400 0.01857
 0.81450 0.01856
 0.81500 0.01855
 0.81550 0.01854
 0.81600 0.01853
 0.81650 0.01853
 0.81700 0.01852
 0.81750 0.01851
 0.81800 0.01850
 0.81850 0.01849
 0.81900 0.01848
 0.81950 0.01847
 0.82000 0.01846
 0.82050 0.01845
 0.82100 0.01844
 0.82150 0.01843
 0.82200 0.01842
 0.82250 0.01842
 0.82300 0.01841
 0.82350 0.01840
 0.82400 0.01839
 0.82450 0.01838
 0.82500 0.01837
 0.82550 0.01836
 0.82600 0.01835
 0.82650 0.01834
 0.82700 0.01833
 0.82750 0.01833
 0.82800 0.01832
 0.82850 0.01831
 0.82900 0.01830
 0.82950 0.01829
 0.83000 0.01828
 0.83050 0.01827
 0.83100 0.01826
 0.83150 0.01825
 0.83200 0.01825
 0.83250 0.01824
 0.83300 0.01823
 0.83350 0.01822
 0.83400 0.01821
 0.83450 0.01820
 0.83500 0.01819
 0.83550 0.01818
 0.83600 0.01817
 0.83650 0.01817
 0.83700 0.01816
 0.83750 0.01815
 0.83800 0.01814
 0.83850 0.01813
 0.83900 0.01812
 0.83950 0.01811
 0.84000 0.01810
 0.84050 0.01809
 0.84100 0.01809
 0.84150 0.01808
 0.84200 0.01807
 0.84250 0.01806
 0.84300 0.01805
 0.84350 0.01804
 0.84400 0.01803
 0.84450 0.01802
 0.84500 0.01802
 0.84550 0.01801
 0.84600 0.01800
 0.84650 0.01799
 0.84700 0.01798
 0.84750 0.01797
 0.84800 0.01796
 0.84850 0.01795
 0.84900 0.01795
 0.84950 0.01794
 0.85000 0.01793
 0.85050 0.01792
 0.85100 0.01791
 0.85150 0.01790
 0.85200 0.01789
 0.85250 0.01789
 0.85300 0.01788
 0.85350 0.01787
 0.85400 0.01786
 0.85450 0.01785
 0.85500 0.01784
 0.85550 0.01783
 0.85600 0.01783
 0.85650 0.01782
 0.85700 0.01781
 0.85750 0.01780
 0.85800 0.01779
 0.85850 0.01778
 0.85900 0.01777
 0.85950 0.01777
 0.86000 0.01776
 0.86050 0.01775
 0.86100 0.01774
 0.86150 0.01773
 0.86200 0.01772
 0.86250 0.01771
 0.86300 0.01771
 0.86350 0.01770
 0.86400 0.01769
 0.86450 0.01768
 0.86500 0.01767
 0.86550 0.01766
 0.86600 0.01766
 0.86650 0.01765
 0.86700 0.01764
 0.86750 0.01763
 0.86800 0.01762
 0.86850 0.01761
 0.86900 0.01760
 0.86950 0.01760
 0.87000 0.01759
 0.87050 0.01758
 0.87100 0.01757
 0.87150 0.01756
 0.87200 0.01755
 0.87250 0.01755
 0.87300 0.01754
 0.87350 0.01753
 0.87400 0.01752
 0.87450 0.01751
 0.87500 0.01750
 0.87550 0.01750
 0.87600 0.01749
 0.87650 0.01748
 0.87700 0.01747
 0.87750 0.01746
 0.87800 0.01745
 0.87850 0.01745
 0.87900 0.01744
 0.87950 0.01743
 0.88000 0.01742
 0.88050 0.01741
 0.88100 0.01741
 0.88150 0.01740
 0.88200 0.01739
 0.88250 0.01738
 0.88300 0.01737
 0.88350 0.01736
 0.88400 0.01736
 0.88450 0.01735
 0.88500 0.01734
 0.88550 0.01733
 0.88600 0.01732
 0.88650 0.01732
 0.88700 0.01731
 0.88750 0.01730
 0.88800 0.01729
 0.88850 0.01728
 0.88900 0.01727
 0.88950 0.01727
 0.89000 0.01726
 0.89050 0.01725
 0.89100 0.01724
 0.89150 0.01723
 0.89200 0.01723
 0.89250 0.01722
 0.89300 0.01721
 0.89350 0.01720
 0.89400 0.01719
 0.89450 0.01719
 0.89500 0.01718
 0.89550 0.01717
 0.89600 0.01716
 0.89650 0.01715
 0.89700 0.01715
 0.89750 0.01714
 0.89800 0.01713
 0.89850 0.01712
 0.89900 0.01711
 0.89950 0.01710
 0.90000 0.01710
 0.90050 0.01709
 0.90100 0.01708
 0.90150 0.01707
 0.90200 0.01707
 0.90250 0.01706
 0.90300 0.01705
 0.90350 0.01704
 0.90400 0.01703
 0.90450 0.01703
 0.90500 0.01702
 0.90550 0.01701
 0.90600 0.01700
 0.90650 0.01699
 0.90700 0.01699
 0.90750 0.01698
 0.90800 0.01697
 0.90850 0.01696
 0.90900 0.01695
 0.90950 0.01695
 0.91000 0.01694
 0.91050 0.01693
 0.91100 0.01692
 0.91150 0.01691
 0.91200 0.01691
 0.91250 0.01690
 0.91300 0.01689
 0.91350 0.01688
 0.91400 0.01688
 0.91450 0.01687
 0.91500 0.01686
 0.91550 0.01685
 0.91600 0.01684
 0.91650 0.01684
 0.91700 0.01683
 0.91750 0.01682
 0.91800 0.01681
 0.91850 0.01681
 0.91900 0.01680
 0.91950 0.01679
 0.92000 0.01678
 0.92050 0.01677
 0.92100 0.01677
 0.92150 0.01676
 0.92200 0.01675
 0.92250 0.01674
 0.92300 0.01674
 0.92350 0.01673
 0.92400 0.01672
 0.92450 0.01671
 0.92500 0.01670
 0.92550 0.01670
 0.92600 0.01669
 0.92650 0.01668
 0.92700 0.01667
 0.92750 0.01667
 0.92800 0.01666
 0.92850 0.01665
 0.92900 0.01664
 0.92950 0.01664
 0.93000 0.01663
 0.93050 0.01662
 0.93100 0.01661
 0.93150 0.01661
 0.93200 0.01660
 0.93250 0.01659
 0.93300 0.01658
 0.93350 0.01657
 0.93400 0.01657
 0.93450 0.01656
 0.93500 0.01655
 0.93550 0.01654
 0.93600 0.01654
 0.93650 0.01653
 0.93700 0.01652
 0.93750 0.01651
 0.93800 0.01651
 0.93850 0.01650
 0.93900 0.01649
 0.93950 0.01648
 0.94000 0.01648
 0.94050 0.01647
 0.94100 0.01646
 0.94150 0.01645
 0.94200 0.01645
 0.94250 0.01644
 0.94300 0.01643
 0.94350 0.01642
 0.94400 0.01642
 0.94450 0.01641
 0.94500 0.01640
 0.94550 0.01639
 0.94600 0.01639
 0.94650 0.01638
 0.94700 0.01637
 0.94750 0.01636
 0.94800 0.01636
 0.94850 0.01635
 0.94900 0.01634
 0.94950 0.01633
 0.95000 0.01633
 0.95050 0.01632
 0.95100 0.01631
 0.95150 0.01630
 0.95200 0.01630
 0.95250 0.01629
 0.95300 0.01628
 0.95350 0.01628
 0.95400 0.01627
 0.95450 0.01626
 0.95500 0.01625
 0.95550 0.01625
 0.95600 0.01624
 0.95650 0.01623
 0.95700 0.01622
 0.95750 0.01622
 0.95800 0.01621
 0.95850 0.01620
 0.95900 0.01619
 0.95950 0.01619
 0.96000 0.01618
 0.96050 0.01617
 0.96100 0.01616
 0.96150 0.01616
 0.96200 0.01615
 0.96250 0.01614
 0.96300 0.01614
 0.96350 0.01613
 0.96400 0.01612
 0.96450 0.01611
 0.96500 0.01611
 0.96550 0.01610
 0.96600 0.01609
 0.96650 0.01608
 0.96700 0.01608
 0.96750 0.01607
 0.96800 0.01606
 0.96850 0.01606
 0.96900 0.01605
 0.96950 0.01604
 0.97000 0.01603
 0.97050 0.01603
 0.97100 0.01602
 0.97150 0.01601
 0.97200 0.01601
 0.97250 0.01600
 0.97300 0.01599
 0.97350 0.01598
 0.97400 0.01598
 0.97450 0.01597
 0.97500 0.01596
 0.97550 0.01596
 0.97600 0.01595
 0.97650 0.01594
 0.97700 0.01593
 0.97750 0.01593
 0.97800 0.01592
 0.97850 0.01591
 0.97900 0.01591
 0.97950 0.01590
 0.98000 0.01589
 0.98050 0.01588
 0.98100 0.01588
 0.98150 0.01587
 0.98200 0.01586
 0.98250 0.01586
 0.98300 0.01585
 0.98350 0.01584
 0.98400 0.01583
 0.98450 0.01583
 0.98500 0.01582
 0.98550 0.01581
 0.98600 0.01581
 0.98650 0.01580
 0.98700 0.01579
 0.98750 0.01579
 0.98800 0.01578
 0.98850 0.01577
 0.98900 0.01576
 0.98950 0.01576
 0.99000 0.01575
 0.99050 0.01574
 0.99100 0.01574
 0.99150 0.01573
 0.99200 0.01572
 0.99250 0.01572
 0.99300 0.01571
 0.99350 0.01570
 0.99400 0.01569
 0.99450 0.01569
 0.99500 0.01568
 0.99550 0.01567
 0.99600 0.01567
 0.99650 0.01566
 0.99700 0.01565
 0.99750 0.01565
 0.99800 0.01564
 0.99850 0.01563
 0.99900 0.01562
 0.99950 0.01562
 1.00000 0.01561
 1.00050 0.01560
