 0.00000 0.00000
 0.00050 0.00005
 0.00100 0.00013
 0.00150 0.00022
 0.00200 0.00031
 0.00250 0.00040
 0.00300 0.00049
 0.00350 0.00057
 0.00400 0.00065
 0.00450 0.00073
 0.00500 0.00081
 0.00550 0.00088
 0.00600 0.00096
 0.00650 0.00103
 0.00700 0.00110
 0.00750 0.00117
 0.00800 0.00123
 0.00850 0.00130
 0.00900 0.00136
 0.00950 0.00143
 0.01000 0.00149
 0.01050 0.00155
 0.01100 0.00161
 0.01150 0.00167
 0.01200 0.00173
 0.01250 0.00179
 0.01300 0.00184
 0.01350 0.00190
 0.01400 0.00195
 0.01450 0.00201
 0.01500 0.00206
 0.01550 0.00211
 0.01600 0.00217
 0.01650 0.00222
 0.01700 0.00227
 0.01750 0.00232
 0.01800 0.00237
 0.01850 0.00242
 0.01900 0.00247
 0.01950 0.00251
 0.02000 0.00256
 0.02050 0.00261
 0.02100 0.00266
 0.02150 0.00270
 0.02200 0.00275
 0.02250 0.00279
 0.02300 0.00284
 0.02350 0.00288
 0.02400 0.00293
 0.02450 0.00297
 0.02500 0.00302
 0.02550 0.00306
 0.02600 0.00310
 0.02650 0.00314
 0.02700 0.00319
 0.02750 0.00323
 0.02800 0.00327
 0.02850 0.00331
 0.02900 0.00335
 0.02950 0.00339
 0.03000 0.00343
 0.03050 0.00347
 0.03100 0.00351
 0.03150 0.00355
 0.03200 0.00359
 0.03250 0.00363
 0.03300 0.00367
 0.03350 0.00371
 0.03400 0.00375
 0.03450 0.00378
 0.03500 0.00382
 0.03550 0.00386
 0.03600 0.00390
 0.03650 0.00393
 0.03700 0.00397
 0.03750 0.00401
 0.03800 0.00404
 0.03850 0.00408
 0.03900 0.00412
 0.03950 0.00415
 0.04000 0.00419
 0.04050 0.00422
 0.04100 0.00426
 0.04150 0.00429
 0.04200 0.00433
 0.04250 0.00436
 0.04300 0.00440
 0.04350 0.00443
 0.04400 0.00446
 0.04450 0.00450
 0.04500 0.00453
 0.04550 0.00457
 0.04600 0.00460
 0.04650 0.00463
 0.04700 0.00467
 0.04750 0.00470
 0.04800 0.00473
 0.04850 0.00476
 0.04900 0.00480
 0.04950 0.00483
 0.05000 0.00486
 0.05050 0.00489
 0.05100 0.00493
 0.05150 0.00496
 0.05200 0.00499
 0.05250 0.00502
 0.05300 0.00505
 0.05350 0.00508
 0.05400 0.00511
 0.05450 0.00514
 0.05500 0.00518
 0.05550 0.00521
 0.05600 0.00524
 0.05650 0.00527
 0.05700 0.00530
 0.05750 0.00533
 0.05800 0.00536
 0.05850 0.00539
 0.05900 0.00542
 0.05950 0.00545
 0.06000 0.00548
 0.06050 0.00551
 0.06100 0.00554
 0.06150 0.00557
 0.06200 0.00560
 0.06250 0.00562
 0.06300 0.00565
 0.06350 0.00568
 0.06400 0.00571
 0.06450 0.00574
 0.06500 0.00577
 0.06550 0.00580
 0.06600 0.00583
 0.06650 0.00585
 0.06700 0.00588
 0.06750 0.00591
 0.06800 0.00594
 0.06850 0.00597
 0.06900 0.00599
 0.06950 0.00602
 0.07000 0.00605
 0.07050 0.00608
 0.07100 0.00610
 0.07150 0.00613
 0.07200 0.00616
 0.07250 0.00619
 0.07300 0.00621
 0.07350 0.00624
 0.07400 0.00627
 0.07450 0.00629
 0.07500 0.00632
 0.07550 0.00635
 0.07600 0.00637
 0.07650 0.00640
 0.07700 0.00643
 0.07750 0.00645
 0.07800 0.00648
 0.07850 0.00651
 0.07900 0.00653
 0.07950 0.00656
 0.08000 0.00658
 0.08050 0.00661
 0.08100 0.00664
 0.08150 0.00666
 0.08200 0.00669
 0.08250 0.00671
 0.08300 0.00674
 0.08350 0.00676
 0.08400 0.00679
 0.08450 0.00681
 0.08500 0.00684
 0.08550 0.00686
 0.08600 0.00689
 0.08650 0.00691
 0.08700 0.00694
 0.08750 0.00696
 0.08800 0.00699
 0.08850 0.00701
 0.08900 0.00704
 0.08950 0.00706
 0.09000 0.00709
 0.09050 0.00711
 0.09100 0.00714
 0.09150 0.00716
 0.09200 0.00719
 0.09250 0.00721
 0.09300 0.00723
 0.09350 0.00726
 0.09400 0.00728
 0.09450 0.00731
 0.09500 0.00733
 0.09550 0.00735
 0.09600 0.00738
 0.09650 0.00740
 0.09700 0.00743
 0.09750 0.00745
 0.09800 0.00747
 0.09850 0.00750
 0.09900 0.00752
 0.09950 0.00754
 0.10000 0.00757
 0.10050 0.00759
 0.10100 0.00761
 0.10150 0.00764
 0.10200 0.00766
 0.10250 0.00768
 0.10300 0.00771
 0.10350 0.00773
 0.10400 0.00775
 0.10450 0.00778
 0.10500 0.00780
 0.10550 0.00782
 0.10600 0.00784
 0.10650 0.00787
 0.10700 0.00789
 0.10750 0.00791
 0.10800 0.00793
 0.10850 0.00796
 0.10900 0.00798
 0.10950 0.00800
 0.11000 0.00802
 0.11050 0.00805
 0.11100 0.00807
 0.11150 0.00809
 0.11200 0.00811
 0.11250 0.00813
 0.11300 0.00816
 0.11350 0.00818
 0.11400 0.00820
 0.11450 0.00822
 0.11500 0.00824
 0.11550 0.00827
 0.11600 0.00829
 0.11650 0.00831
 0.11700 0.00833
 0.11750 0.00835
 0.11800 0.00837
 0.11850 0.00840
 0.11900 0.00842
 0.11950 0.00844
 0.12000 0.00846
 0.12050 0.00848
 0.12100 0.00850
 0.12150 0.00853
 0.12200 0.00855
 0.12250 0.00857
 0.12300 0.00859
 0.12350 0.00861
 0.12400 0.00863
 0.12450 0.00865
 0.12500 0.00867
 0.12550 0.00869
 0.12600 0.00872
 0.12650 0.00874
 0.12700 0.00876
 0.12750 0.00878
 0.12800 0.00880
 0.12850 0.00882
 0.12900 0.00884
 0.12950 0.00886
 0.13000 0.00888
 0.13050 0.00890
 0.13100 0.00892
 0.13150 0.00894
 0.13200 0.00896
 0.13250 0.00898
 0.13300 0.00900
 0.13350 0.00902
 0.13400 0.00904
 0.13450 0.00907
 0.13500 0.00909
 0.13550 0.00911
 0.13600 0.00913
 0.13650 0.00915
 0.13700 0.00917
 0.13750 0.00919
 0.13800 0.00921
 0.13850 0.00923
 0.13900 0.00925
 0.13950 0.00927
 0.14000 0.00929
 0.14050 0.00931
 0.14100 0.00933
 0.14150 0.00935
 0.14200 0.00937
 0.14250 0.00939
 0.14300 0.00940
 0.14350 0.00942
 0.14400 0.00944
 0.14450 0.00946
 0.14500 0.00948
 0.14550 0.00950
 0.14600 0.00952
 0.14650 0.00954
 0.14700 0.00956
 0.14750 0.00958
 0.14800 0.00960
 0.14850 0.00962
 0.14900 0.00964
 0.14950 0.00966
 0.15000 0.00968
 0.15050 0.00970
 0.15100 0.00972
 0.15150 0.00973
 0.15200 0.00975
 0.15250 0.00977
 0.15300 0.00979
 0.15350 0.00981
 0.15400 0.00983
 0.15450 0.00985
 0.15500 0.00987
 0.15550 0.00989
 0.15600 0.00991
 0.15650 0.00992
 0.15700 0.00994
 0.15750 0.00996
 0.15800 0.00998
 0.15850 0.01000
 0.15900 0.01002
 0.15950 0.01004
 0.16000 0.01006
 0.16050 0.01007
 0.16100 0.01009
 0.16150 0.01011
 0.16200 0.01013
 0.16250 0.01015
 0.16300 0.01017
 0.16350 0.01019
 0.16400 0.01020
 0.16450 0.01022
 0.16500 0.01024
 0.16550 0.01026
 0.16600 0.01028
 0.16650 0.01030
 0.16700 0.01031
 0.16750 0.01033
 0.16800 0.01035
 0.16850 0.01037
 0.16900 0.01039
 0.16950 0.01040
 0.17000 0.01042
 0.17050 0.01044
 0.17100 0.01046
 0.17150 0.01048
 0.17200 0.01050
 0.17250 0.01051
 0.17300 0.01053
 0.17350 0.01055
 0.17400 0.01057
 0.17450 0.01058
 0.17500 0.01060
 0.17550 0.01062
 0.17600 0.01064
 0.17650 0.01066
 0.17700 0.01067
 0.17750 0.01069
 0.17800 0.01071
 0.17850 0.01073
 0.17900 0.01074
 0.17950 0.01076
 0.18000 0.01078
 0.18050 0.01080
 0.18100 0.01081
 0.18150 0.01083
 0.18200 0.01085
 0.18250 0.01087
 0.18300 0.01088
 0.18350 0.01090
 0.18400 0.01092
 0.18450 0.01094
 0.18500 0.01095
 0.18550 0.01097
 0.18600 0.01099
 0.18650 0.01101
 0.18700 0.01102
 0.18750 0.01104
 0.18800 0.01106
 0.18850 0.01108
 0.18900 0.01109
 0.18950 0.01111
 0.19000 0.01113
 0.19050 0.01114
 0.19100 0.01116
 0.19150 0.01118
 0.19200 0.01120
 0.19250 0.01121
 0.19300 0.01123
 0.19350 0.01125
 0.19400 0.01126
 0.19450 0.01128
 0.19500 0.01130
 0.19550 0.01131
 0.19600 0.01133
 0.19650 0.01135
 0.19700 0.01136
 0.19750 0.01138
 0.19800 0.01140
 0.19850 0.01141
 0.19900 0.01143
 0.19950 0.01145
 0.20000 0.01147
 0.20050 0.01148
 0.20100 0.01150
 0.20150 0.01152
 0.20200 0.01153
 0.20250 0.01155
 0.20300 0.01156
 0.20350 0.01158
 0.20400 0.01160
 0.20450 0.01161
 0.20500 0.01163
 0.20550 0.01165
 0.20600 0.01166
 0.20650 0.01168
 0.20700 0.01170
 0.20750 0.01171
 0.20800 0.01173
 0.20850 0.01175
 0.20900 0.01176
 0.20950 0.01178
 0.21000 0.01179
 0.21050 0.01181
 0.21100 0.01183
 0.21150 0.01184
 0.21200 0.01186
 0.21250 0.01188
 0.21300 0.01189
 0.21350 0.01191
 0.21400 0.01192
 0.21450 0.01194
 0.21500 0.01196
 0.21550 0.01197
 0.21600 0.01199
 0.21650 0.01201
 0.21700 0.01202
 0.21750 0.01204
 0.21800 0.01205
 0.21850 0.01207
 0.21900 0.01209
 0.21950 0.01210
 0.22000 0.01212
 0.22050 0.01213
 0.22100 0.01215
 0.22150 0.01216
 0.22200 0.01218
 0.22250 0.01220
 0.22300 0.01221
 0.22350 0.01223
 0.22400 0.01224
 0.22450 0.01226
 0.22500 0.01228
 0.22550 0.01229
 0.22600 0.01231
 0.22650 0.01232
 0.22700 0.01234
 0.22750 0.01235
 0.22800 0.01237
 0.22850 0.01239
 0.22900 0.01240
 0.22950 0.01242
 0.23000 0.01243
 0.23050 0.01245
 0.23100 0.01246
 0.23150 0.01248
 0.23200 0.01249
 0.23250 0.01251
 0.23300 0.01253
 0.23350 0.01254
 0.23400 0.01256
 0.23450 0.01257
 0.23500 0.01259
 0.23550 0.01260
 0.23600 0.01262
 0.23650 0.01263
 0.23700 0.01265
 0.23750 0.01266
 0.23800 0.01268
 0.23850 0.01269
 0.23900 0.01271
 0.23950 0.01273
 0.24000 0.01274
 0.24050 0.01276
 0.24100 0.01277
 0.24150 0.01279
 0.24200 0.01280
 0.24250 0.01282
 0.24300 0.01283
 0.24350 0.01285
 0.24400 0.01286
 0.24450 0.01288
 0.24500 0.01289
 0.24550 0.01291
 0.24600 0.01292
 0.24650 0.01294
 0.24700 0.01295
 0.24750 0.01297
 0.24800 0.01298
 0.24850 0.01300
 0.24900 0.01301
 0.24950 0.01303
 0.25000 0.01304
 0.25050 0.01306
 0.25100 0.01307
 0.25150 0.01309
 0.25200 0.01310
 0.25250 0.01312
 0.25300 0.01313
 0.25350 0.01315
 0.25400 0.01316
 0.25450 0.01318
 0.25500 0.01319
 0.25550 0.01321
 0.25600 0.01322
 0.25650 0.01323
 0.25700 0.01325
 0.25750 0.01326
 0.25800 0.01328
 0.25850 0.01329
 0.25900 0.01331
 0.25950 0.01332
 0.26000 0.01334
 0.26050 0.01335
 0.26100 0.01337
 0.26150 0.01338
 0.26200 0.01340
 0.26250 0.01341
 0.26300 0.01343
 0.26350 0.01344
 0.26400 0.01345
 0.26450 0.01347
 0.26500 0.01348
 0.26550 0.01350
 0.26600 0.01351
 0.26650 0.01353
 0.26700 0.01354
 0.26750 0.01356
 0.26800 0.01357
 0.26850 0.01358
 0.26900 0.01360
 0.26950 0.01361
 0.27000 0.01363
 0.27050 0.01364
 0.27100 0.01366
 0.27150 0.01367
 0.27200 0.01369
 0.27250 0.01370
 0.27300 0.01371
 0.27350 0.01373
 0.27400 0.01374
 0.27450 0.01376
 0.27500 0.01377
 0.27550 0.01378
 0.27600 0.01380
 0.27650 0.01381
 0.27700 0.01383
 0.27750 0.01384
 0.27800 0.01386
 0.27850 0.01387
 0.27900 0.01388
 0.27950 0.01390
 0.28000 0.01391
 0.28050 0.01393
 0.28100 0.01394
 0.28150 0.01395
 0.28200 0.01397
 0.28250 0.01398
 0.28300 0.01400
 0.28350 0.01401
 0.28400 0.01402
 0.28450 0.01404
 0.28500 0.01405
 0.28550 0.01407
 0.28600 0.01408
 0.28650 0.01409
 0.28700 0.01411
 0.28750 0.01412
 0.28800 0.01414
 0.28850 0.01415
 0.28900 0.01416
 0.28950 0.01418
 0.29000 0.01419
 0.29050 0.01421
 0.29100 0.01422
 0.29150 0.01423
 0.29200 0.01425
 0.29250 0.01426
 0.29300 0.01427
 0.29350 0.01429
 0.29400 0.01430
 0.29450 0.01432
 0.29500 0.01433
 0.29550 0.01434
 0.29600 0.01436
 0.29650 0.01437
 0.29700 0.01438
 0.29750 0.01440
 0.29800 0.01441
 0.29850 0.01443
 0.29900 0.01444
 0.29950 0.01445
 0.30000 0.01447
 0.30050 0.01448
 0.30100 0.01449
 0.30150 0.01451
 0.30200 0.01452
 0.30250 0.01453
 0.30300 0.01455
 0.30350 0.01456
 0.30400 0.01457
 0.30450 0.01459
 0.30500 0.01460
 0.30550 0.01462
 0.30600 0.01463
 0.30650 0.01464
 0.30700 0.01466
 0.30750 0.01467
 0.30800 0.01468
 0.30850 0.01470
 0.30900 0.01471
 0.30950 0.01472
 0.31000 0.01474
 0.31050 0.01475
 0.31100 0.01476
 0.31150 0.01478
 0.31200 0.01479
 0.31250 0.01480
 0.31300 0.01482
 0.31350 0.01483
 0.31400 0.01484
 0.31450 0.01486
 0.31500 0.01487
 0.31550 0.01488
 0.31600 0.01490
 0.31650 0.01491
 0.31700 0.01492
 0.31750 0.01494
 0.31800 0.01495
 0.31850 0.01496
 0.31900 0.01498
 0.31950 0.01499
 0.32000 0.01500
 0.32050 0.01502
 0.32100 0.01503
 0.32150 0.01504
 0.32200 0.01505
 0.32250 0.01507
 0.32300 0.01508
 0.32350 0.01509
 0.32400 0.01511
 0.32450 0.01512
 0.32500 0.01513
 0.32550 0.01515
 0.32600 0.01516
 0.32650 0.01517
 0.32700 0.01519
 0.32750 0.01520
 0.32800 0.01521
 0.32850 0.01522
 0.32900 0.01524
 0.32950 0.01525
 0.33000 0.01526
 0.33050 0.01528
 0.33100 0.01529
 0.33150 0.01530
 0.33200 0.01531
 0.33250 0.01533
 0.33300 0.01534
 0.33350 0.01535
 0.33400 0.01537
 0.33450 0.01538
 0.33500 0.01539
 0.33550 0.01541
 0.33600 0.01542
 0.33650 0.01543
 0.33700 0.01544
 0.33750 0.01546
 0.33800 0.01547
 0.33850 0.01548
 0.33900 0.01549
 0.33950 0.01551
 0.34000 0.01552
 0.34050 0.01553
 0.34100 0.01555
 0.34150 0.01556
 0.34200 0.01557
 0.34250 0.01558
 0.34300 0.01560
 0.34350 0.01561
 0.34400 0.01562
 0.34450 0.01563
 0.34500 0.01565
 0.34550 0.01566
 0.34600 0.01567
 0.34650 0.01569
 0.34700 0.01570
 0.34750 0.01571
 0.34800 0.01572
 0.34850 0.01574
 0.34900 0.01575
 0.34950 0.01576
 0.35000 0.01577
 0.35050 0.01579
 0.35100 0.01580
 0.35150 0.01581
 0.35200 0.01582
 0.35250 0.01584
 0.35300 0.01585
 0.35350 0.01586
 0.35400 0.01587
 0.35450 0.01589
 0.35500 0.01590
 0.35550 0.01591
 0.35600 0.01592
 0.35650 0.01594
 0.35700 0.01595
 0.35750 0.01596
 0.35800 0.01597
 0.35850 0.01599
 0.35900 0.01600
 0.35950 0.01601
 0.36000 0.01602
 0.36050 0.01604
 0.36100 0.01605
 0.36150 0.01606
 0.36200 0.01607
 0.36250 0.01609
 0.36300 0.01610
 0.36350 0.01611
 0.36400 0.01612
 0.36450 0.01613
 0.36500 0.01615
 0.36550 0.01616
 0.36600 0.01617
 0.36650 0.01618
 0.36700 0.01620
 0.36750 0.01621
 0.36800 0.01622
 0.36850 0.01623
 0.36900 0.01624
 0.36950 0.01626
 0.37000 0.01627
 0.37050 0.01628
 0.37100 0.01629
 0.37150 0.01631
 0.37200 0.01632
 0.37250 0.01633
 0.37300 0.01634
 0.37350 0.01635
 0.37400 0.01637
 0.37450 0.01638
 0.37500 0.01639
 0.37550 0.01640
 0.37600 0.01642
 0.37650 0.01643
 0.37700 0.01644
 0.37750 0.01645
 0.37800 0.01646
 0.37850 0.01648
 0.37900 0.01649
 0.37950 0.01650
 0.38000 0.01651
 0.38050 0.01652
 0.38100 0.01654
 0.38150 0.01655
 0.38200 0.01656
 0.38250 0.01657
 0.38300 0.01658
 0.38350 0.01660
 0.38400 0.01661
 0.38450 0.01662
 0.38500 0.01663
 0.38550 0.01664
 0.38600 0.01666
 0.38650 0.01667
 0.38700 0.01668
 0.38750 0.01669
 0.38800 0.01670
 0.38850 0.01672
 0.38900 0.01673
 0.38950 0.01674
 0.39000 0.01675
 0.39050 0.01676
 0.39100 0.01677
 0.39150 0.01679
 0.39200 0.01680
 0.39250 0.01681
 0.39300 0.01682
 0.39350 0.01683
 0.39400 0.01685
 0.39450 0.01686
 0.39500 0.01687
 0.39550 0.01688
 0.39600 0.01689
 0.39650 0.01691
 0.39700 0.01692
 0.39750 0.01693
 0.39800 0.01694
 0.39850 0.01695
 0.39900 0.01696
 0.39950 0.01698
 0.40000 0.01699
 0.40050 0.01700
 0.40100 0.01701
 0.40150 0.01702
 0.40200 0.01703
 0.40250 0.01705
 0.40300 0.01706
 0.40350 0.01707
 0.40400 0.01708
 0.40450 0.01709
 0.40500 0.01710
 0.40550 0.01712
 0.40600 0.01713
 0.40650 0.01714
 0.40700 0.01715
 0.40750 0.01716
 0.40800 0.01717
 0.40850 0.01719
 0.40900 0.01720
 0.40950 0.01721
 0.41000 0.01722
 0.41050 0.01723
 0.41100 0.01724
 0.41150 0.01725
 0.41200 0.01727
 0.41250 0.01728
 0.41300 0.01729
 0.41350 0.01730
 0.41400 0.01731
 0.41450 0.01732
 0.41500 0.01734
 0.41550 0.01735
 0.41600 0.01736
 0.41650 0.01737
 0.41700 0.01738
 0.41750 0.01739
 0.41800 0.01740
 0.41850 0.01742
 0.41900 0.01743
 0.41950 0.01744
 0.42000 0.01745
 0.42050 0.01746
 0.42100 0.01747
 0.42150 0.01748
 0.42200 0.01750
 0.42250 0.01751
 0.42300 0.01752
 0.42350 0.01753
 0.42400 0.01754
 0.42450 0.01755
 0.42500 0.01756
 0.42550 0.01758
 0.42600 0.01759
 0.42650 0.01760
 0.42700 0.01761
 0.42750 0.01762
 0.42800 0.01763
 0.42850 0.01764
 0.42900 0.01765
 0.42950 0.01767
 0.43000 0.01768
 0.43050 0.01769
 0.43100 0.01770
 0.43150 0.01771
 0.43200 0.01772
 0.43250 0.01773
 0.43300 0.01775
 0.43350 0.01776
 0.43400 0.01777
 0.43450 0.01778
 0.43500 0.01779
 0.43550 0.01780
 0.43600 0.01781
 0.43650 0.01782
 0.43700 0.01783
 0.43750 0.01785
 0.43800 0.01786
 0.43850 0.01787
 0.43900 0.01788
 0.43950 0.01789
 0.44000 0.01790
 0.44050 0.01791
 0.44100 0.01792
 0.44150 0.01794
 0.44200 0.01795
 0.44250 0.01796
 0.44300 0.01797
 0.44350 0.01798
 0.44400 0.01799
 0.44450 0.01800
 0.44500 0.01801
 0.44550 0.01802
 0.44600 0.01804
 0.44650 0.01805
 0.44700 0.01806
 0.44750 0.01807
 0.44800 0.01808
 0.44850 0.01809
 0.44900 0.01810
 0.44950 0.01811
 0.45000 0.01812
 0.45050 0.01813
 0.45100 0.01815
 0.45150 0.01816
 0.45200 0.01817
 0.45250 0.01818
 0.45300 0.01819
 0.45350 0.01820
 0.45400 0.01821
 0.45450 0.01822
 0.45500 0.01823
 0.45550 0.01824
 0.45600 0.01826
 0.45650 0.01827
 0.45700 0.01828
 0.45750 0.01829
 0.45800 0.01830
 0.45850 0.01831
 0.45900 0.01832
 0.45950 0.01833
 0.46000 0.01834
 0.46050 0.01835
 0.46100 0.01836
 0.46150 0.01838
 0.46200 0.01839
 0.46250 0.01840
 0.46300 0.01841
 0.46350 0.01842
 0.46400 0.01843
 0.46450 0.01844
 0.46500 0.01845
 0.46550 0.01846
 0.46600 0.01847
 0.46650 0.01848
 0.46700 0.01849
 0.46750 0.01851
 0.46800 0.01852
 0.46850 0.01853
 0.46900 0.01854
 0.46950 0.01855
 0.47000 0.01856
 0.47050 0.01857
 0.47100 0.01858
 0.47150 0.01859
 0.47200 0.01860
 0.47250 0.01861
 0.47300 0.01862
 0.47350 0.01863
 0.47400 0.01864
 0.47450 0.01866
 0.47500 0.01867
 0.47550 0.01868
 0.47600 0.01869
 0.47650 0.01870
 0.47700 0.01871
 0.47750 0.01872
 0.47800 0.01873
 0.47850 0.01874
 0.47900 0.01875
 0.47950 0.01876
 0.48000 0.01877
 0.48050 0.01878
 0.48100 0.01879
 0.48150 0.01881
 0.48200 0.01882
 0.48250 0.01883
 0.48300 0.01884
 0.48350 0.01885
 0.48400 0.01886
 0.48450 0.01887
 0.48500 0.01888
 0.48550 0.01889
 0.48600 0.01890
 0.48650 0.01891
 0.48700 0.01892
 0.48750 0.01893
 0.48800 0.01894
 0.48850 0.01895
 0.48900 0.01896
 0.48950 0.01897
 0.49000 0.01898
 0.49050 0.01900
 0.49100 0.01901
 0.49150 0.01902
 0.49200 0.01903
 0.49250 0.01904
 0.49300 0.01905
 0.49350 0.01906
 0.49400 0.01907
 0.49450 0.01908
 0.49500 0.01909
 0.49550 0.01910
 0.49600 0.01911
 0.49650 0.01912
 0.49700 0.01913
 0.49750 0.01914
 0.49800 0.01915
 0.49850 0.01916
 0.49900 0.01917
 0.49950 0.01918
 0.50000 0.01919
 0.50050 0.01920
 0.50100 0.01922
 0.50150 0.01923
 0.50200 0.01924
 0.50250 0.01925
 0.50300 0.01926
 0.50350 0.01927
 0.50400 0.01928
 0.50450 0.01929
 0.50500 0.01930
 0.50550 0.01931
 0.50600 0.01932
 0.50650 0.01933
 0.50700 0.01934
 0.50750 0.01935
 0.50800 0.01936
 0.50850 0.01937
 0.50900 0.01938
 0.50950 0.01939
 0.51000 0.01940
 0.51050 0.01941
 0.51100 0.01942
 0.51150 0.01943
 0.51200 0.01944
 0.51250 0.01945
 0.51300 0.01946
 0.51350 0.01947
 0.51400 0.01948
 0.51450 0.01949
 0.51500 0.01950
 0.51550 0.01951
 0.51600 0.01952
 0.51650 0.01953
 0.51700 0.01955
 0.51750 0.01956
 0.51800 0.01957
 0.51850 0.01958
 0.51900 0.01959
 0.51950 0.01960
 0.52000 0.01961
 0.52050 0.01962
 0.52100 0.01963
 0.52150 0.01964
 0.52200 0.01965
 0.52250 0.01966
 0.52300 0.01967
 0.52350 0.01968
 0.52400 0.01969
 0.52450 0.01970
 0.52500 0.01971
 0.52550 0.01972
 0.52600 0.01973
 0.52650 0.01974
 0.52700 0.01975
 0.52750 0.01976
 0.52800 0.01977
 0.52850 0.01978
 0.52900 0.01979
 0.52950 0.01980
 0.53000 0.01981
 0.53050 0.01982
 0.53100 0.01983
 0.53150 0.01984
 0.53200 0.01985
 0.53250 0.01986
 0.53300 0.01987
 0.53350 0.01988
 0.53400 0.01989
 0.53450 0.01990
 0.53500 0.01991
 0.53550 0.01992
 0.53600 0.01993
 0.53650 0.01994
 0.53700 0.01995
 0.53750 0.01996
 0.53800 0.01997
 0.53850 0.01998
 0.53900 0.01999
 0.53950 0.02000
 0.54000 0.02001
 0.54050 0.02002
 0.54100 0.02003
 0.54150 0.02004
 0.54200 0.02005
 0.54250 0.02006
 0.54300 0.02007
 0.54350 0.02008
 0.54400 0.02009
 0.54450 0.02010
 0.54500 0.02011
 0.54550 0.02012
 0.54600 0.02013
 0.54650 0.02014
 0.54700 0.02015
 0.54750 0.02016
 0.54800 0.02017
 0.54850 0.02018
 0.54900 0.02019
 0.54950 0.02020
 0.55000 0.02021
 0.55050 0.02022
 0.55100 0.02023
 0.55150 0.02024
 0.55200 0.02025
 0.55250 0.02026
 0.55300 0.02027
 0.55350 0.02028
 0.55400 0.02029
 0.55450 0.02030
 0.55500 0.02031
 0.55550 0.02032
 0.55600 0.02033
 0.55650 0.02034
 0.55700 0.02035
 0.55750 0.02036
 0.55800 0.02037
 0.55850 0.02038
 0.55900 0.02039
 0.55950 0.02040
 0.56000 0.02041
 0.56050 0.02042
 0.56100 0.02043
 0.56150 0.02044
 0.56200 0.02044
 0.56250 0.02045
 0.56300 0.02046
 0.56350 0.02047
 0.56400 0.02048
 0.56450 0.02049
 0.56500 0.02050
 0.56550 0.02051
 0.56600 0.02052
 0.56650 0.02053
 0.56700 0.02054
 0.56750 0.02055
 0.56800 0.02056
 0.56850 0.02057
 0.56900 0.02058
 0.56950 0.02059
 0.57000 0.02060
 0.57050 0.02061
 0.57100 0.02062
 0.57150 0.02063
 0.57200 0.02064
 0.57250 0.02065
 0.57300 0.02066
 0.57350 0.02067
 0.57400 0.02068
 0.57450 0.02069
 0.57500 0.02070
 0.57550 0.02071
 0.57600 0.02072
 0.57650 0.02073
 0.57700 0.02074
 0.57750 0.02075
 0.57800 0.02076
 0.57850 0.02077
 0.57900 0.02077
 0.57950 0.02078
 0.58000 0.02079
 0.58050 0.02080
 0.58100 0.02081
 0.58150 0.02082
 0.58200 0.02083
 0.58250 0.02084
 0.58300 0.02085
 0.58350 0.02086
 0.58400 0.02087
 0.58450 0.02088
 0.58500 0.02089
 0.58550 0.02090
 0.58600 0.02091
 0.58650 0.02092
 0.58700 0.02093
 0.58750 0.02094
 0.58800 0.02095
 0.58850 0.02096
 0.58900 0.02097
 0.58950 0.02098
 0.59000 0.02099
 0.59050 0.02099
 0.59100 0.02100
 0.59150 0.02101
 0.59200 0.02102
 0.59250 0.02103
 0.59300 0.02104
 0.59350 0.02105
 0.59400 0.02106
 0.59450 0.02107
 0.59500 0.02108
 0.59550 0.02109
 0.59600 0.02110
 0.59650 0.02111
 0.59700 0.02112
 0.59750 0.02113
 0.59800 0.02114
 0.59850 0.02115
 0.59900 0.02116
 0.59950 0.02117
 0.60000 0.02117
 0.60050 0.02118
 0.60100 0.02119
 0.60150 0.02120
 0.60200 0.02121
 0.60250 0.02122
 0.60300 0.02123
 0.60350 0.02124
 0.60400 0.02125
 0.60450 0.02126
 0.60500 0.02127
 0.60550 0.02128
 0.60600 0.02129
 0.60650 0.02130
 0.60700 0.02131
 0.60750 0.02132
 0.60800 0.02133
 0.60850 0.02133
 0.60900 0.02134
 0.60950 0.02135
 0.61000 0.02136
 0.61050 0.02137
 0.61100 0.02138
 0.61150 0.02139
 0.61200 0.02140
 0.61250 0.02141
 0.61300 0.02142
 0.61350 0.02143
 0.61400 0.02144
 0.61450 0.02145
 0.61500 0.02146
 0.61550 0.02147
 0.61600 0.02147
 0.61650 0.02148
 0.61700 0.02149
 0.61750 0.02150
 0.61800 0.02151
 0.61850 0.02152
 0.61900 0.02153
 0.61950 0.02154
 0.62000 0.02155
 0.62050 0.02156
 0.62100 0.02157
 0.62150 0.02158
 0.62200 0.02159
 0.62250 0.02159
 0.62300 0.02160
 0.62350 0.02161
 0.62400 0.02162
 0.62450 0.02163
 0.62500 0.02164
 0.62550 0.02165
 0.62600 0.02166
 0.62650 0.02167
 0.62700 0.02168
 0.62750 0.02169
 0.62800 0.02170
 0.62850 0.02171
 0.62900 0.02171
 0.62950 0.02172
 0.63000 0.02173
 0.63050 0.02174
 0.63100 0.02175
 0.63150 0.02176
 0.63200 0.02177
 0.63250 0.02178
 0.63300 0.02179
 0.63350 0.02180
 0.63400 0.02181
 0.63450 0.02182
 0.63500 0.02182
 0.63550 0.02183
 0.63600 0.02184
 0.63650 0.02185
 0.63700 0.02186
 0.63750 0.02187
 0.63800 0.02188
 0.63850 0.02189
 0.63900 0.02190
 0.63950 0.02191
 0.64000 0.02192
 0.64050 0.02192
 0.64100 0.02193
 0.64150 0.02194
 0.64200 0.02195
 0.64250 0.02196
 0.64300 0.02197
 0.64350 0.02198
 0.64400 0.02199
 0.64450 0.02200
 0.64500 0.02201
 0.64550 0.02202
 0.64600 0.02202
 0.64650 0.02203
 0.64700 0.02204
 0.64750 0.02205
 0.64800 0.02206
 0.64850 0.02207
 0.64900 0.02208
 0.64950 0.02209
 0.65000 0.02210
 0.65050 0.02211
 0.65100 0.02212
 0.65150 0.02212
 0.65200 0.02213
 0.65250 0.02214
 0.65300 0.02215
 0.65350 0.02216
 0.65400 0.02217
 0.65450 0.02218
 0.65500 0.02219
 0.65550 0.02220
 0.65600 0.02221
 0.65650 0.02221
 0.65700 0.02222
 0.65750 0.02223
 0.65800 0.02224
 0.65850 0.02225
 0.65900 0.02226
 0.65950 0.02227
 0.66000 0.02228
 0.66050 0.02229
 0.66100 0.02229
 0.66150 0.02230
 0.66200 0.02231
 0.66250 0.02232
 0.66300 0.02233
 0.66350 0.02234
 0.66400 0.02235
 0.66450 0.02236
 0.66500 0.02237
 0.66550 0.02238
 0.66600 0.02238
 0.66650 0.02239
 0.66700 0.02240
 0.66750 0.02241
 0.66800 0.02242
 0.66850 0.02243
 0.66900 0.02244
 0.66950 0.02245
 0.67000 0.02246
 0.67050 0.02246
 0.67100 0.02247
 0.67150 0.02248
 0.67200 0.02249
 0.67250 0.02250
 0.67300 0.02251
 0.67350 0.02252
 0.67400 0.02253
 0.67450 0.02253
 0.67500 0.02254
 0.67550 0.02255
 0.67600 0.02256
 0.67650 0.02257
 0.67700 0.02258
 0.67750 0.02259
 0.67800 0.02260
 0.67850 0.02261
 0.67900 0.02261
 0.67950 0.02262
 0.68000 0.02263
 0.68050 0.02264
 0.68100 0.02265
 0.68150 0.02266
 0.68200 0.02267
 0.68250 0.02268
 0.68300 0.02268
 0.68350 0.02269
 0.68400 0.02270
 0.68450 0.02271
 0.68500 0.02272
 0.68550 0.02273
 0.68600 0.02274
 0.68650 0.02275
 0.68700 0.02275
 0.68750 0.02276
 0.68800 0.02277
 0.68850 0.02278
 0.68900 0.02279
 0.68950 0.02280
 0.69000 0.02281
 0.69050 0.02282
 0.69100 0.02282
 0.69150 0.02283
 0.69200 0.02284
 0.69250 0.02285
 0.69300 0.02286
 0.69350 0.02287
 0.69400 0.02288
 0.69450 0.02289
 0.69500 0.02289
 0.69550 0.02290
 0.69600 0.02291
 0.69650 0.02292
 0.69700 0.02293
 0.69750 0.02294
 0.69800 0.02295
 0.69850 0.02295
 0.69900 0.02296
 0.69950 0.02297
 0.70000 0.02298
 0.70050 0.02299
 0.70100 0.02300
 0.70150 0.02301
 0.70200 0.02302
 0.70250 0.02302
 0.70300 0.02303
 0.70350 0.02304
 0.70400 0.02305
 0.70450 0.02306
 0.70500 0.02307
 0.70550 0.02308
 0.70600 0.02308
 0.70650 0.02309
 0.70700 0.02310
 0.70750 0.02311
 0.70800 0.02312
 0.70850 0.02313
 0.70900 0.02314
 0.70950 0.02314
 0.71000 0.02315
 0.71050 0.02316
 0.71100 0.02317
 0.71150 0.02318
 0.71200 0.02319
 0.71250 0.02320
 0.71300 0.02320
 0.71350 0.02321
 0.71400 0.02322
 0.71450 0.02323
 0.71500 0.02324
 0.71550 0.02325
 0.71600 0.02326
 0.71650 0.02326
 0.71700 0.02327
 0.71750 0.02328
 0.71800 0.02329
 0.71850 0.02330
 0.71900 0.02331
 0.71950 0.02332
 0.72000 0.02332
 0.72050 0.02333
 0.72100 0.02334
 0.72150 0.02335
 0.72200 0.02336
 0.72250 0.02337
 0.72300 0.02338
 0.72350 0.02338
 0.72400 0.02339
 0.72450 0.02340
 0.72500 0.02341
 0.72550 0.02342
 0.72600 0.02343
 0.72650 0.02344
 0.72700 0.02344
 0.72750 0.02345
 0.72800 0.02346
 0.72850 0.02347
 0.72900 0.02348
 0.72950 0.02349
 0.73000 0.02349
 0.73050 0.02350
 0.73100 0.02351
 0.73150 0.02352
 0.73200 0.02353
 0.73250 0.02354
 0.73300 0.02355
 0.73350 0.02355
 0.73400 0.02356
 0.73450 0.02357
 0.73500 0.02358
 0.73550 0.02359
 0.73600 0.02360
 0.73650 0.02360
 0.73700 0.02361
 0.73750 0.02362
 0.73800 0.02363
 0.73850 0.02364
 0.73900 0.02365
 0.73950 0.02365
 0.74000 0.02366
 0.74050 0.02367
 0.74100 0.02368
 0.74150 0.02369
 0.74200 0.02370
 0.74250 0.02370
 0.74300 0.02371
 0.74350 0.02372
 0.74400 0.02373
 0.74450 0.02374
 0.74500 0.02375
 0.74550 0.02376
 0.74600 0.02376
 0.74650 0.02377
 0.74700 0.02378
 0.74750 0.02379
 0.74800 0.02380
 0.74850 0.02381
 0.74900 0.02381
 0.74950 0.02382
 0.75000 0.02383
 0.75050 0.02384
 0.75100 0.02385
 0.75150 0.02386
 0.75200 0.02386
 0.75250 0.02387
 0.75300 0.02388
 0.75350 0.02389
 0.75400 0.02390
 0.75450 0.02390
 0.75500 0.02391
 0.75550 0.02392
 0.75600 0.02393
 0.75650 0.02394
 0.75700 0.02395
 0.75750 0.02395
 0.75800 0.02396
 0.75850 0.02397
 0.75900 0.02398
 0.75950 0.02399
 0.76000 0.02400
 0.76050 0.02400
 0.76100 0.02401
 0.76150 0.02402
 0.76200 0.02403
 0.76250 0.02404
 0.76300 0.02405
 0.76350 0.02405
 0.76400 0.02406
 0.76450 0.02407
 0.76500 0.02408
 0.76550 0.02409
 0.76600 0.02410
 0.76650 0.02410
 0.76700 0.02411
 0.76750 0.02412
 0.76800 0.02413
 0.76850 0.02414
 0.76900 0.02414
 0.76950 0.02415
 0.77000 0.02416
 0.77050 0.02417
 0.77100 0.02418
 0.77150 0.02419
 0.77200 0.02419
 0.77250 0.02420
 0.77300 0.02421
 0.77350 0.02422
 0.77400 0.02423
 0.77450 0.02423
 0.77500 0.02424
 0.77550 0.02425
 0.77600 0.02426
 0.77650 0.02427
 0.77700 0.02428
 0.77750 0.02428
 0.77800 0.02429
 0.77850 0.02430
 0.77900 0.02431
 0.77950 0.02432
 0.78000 0.02432
 0.78050 0.02433
 0.78100 0.02434
 0.78150 0.02435
 0.78200 0.02436
 0.78250 0.02436
 0.78300 0.02437
 0.78350 0.02438
 0.78400 0.02439
 0.78450 0.02440
 0.78500 0.02441
 0.78550 0.02441
 0.78600 0.02442
 0.78650 0.02443
 0.78700 0.02444
 0.78750 0.02445
 0.78800 0.02445
 0.78850 0.02446
 0.78900 0.02447
 0.78950 0.02448
 0.79000 0.02449
 0.79050 0.02449
 0.79100 0.02450
 0.79150 0.02451
 0.79200 0.02452
 0.79250 0.02453
 0.79300 0.02454
 0.79350 0.02454
 0.79400 0.02455
 0.79450 0.02456
 0.79500 0.02457
 0.79550 0.02458
 0.79600 0.02458
 0.79650 0.02459
 0.79700 0.02460
 0.79750 0.02461
 0.79800 0.02462
 0.79850 0.02462
 0.79900 0.02463
 0.79950 0.02464
 0.80000 0.02465
 0.80050 0.02466
 0.80100 0.02466
 0.80150 0.02467
 0.80200 0.02468
 0.80250 0.02469
 0.80300 0.02470
 0.80350 0.02470
 0.80400 0.02471
 0.80450 0.02472
 0.80500 0.02473
 0.80550 0.02474
 0.80600 0.02474
 0.80650 0.02475
 0.80700 0.02476
 0.80750 0.02477
 0.80800 0.02478
 0.80850 0.02478
 0.80900 0.02479
 0.80950 0.02480
 0.81000 0.02481
 0.81050 0.02482
 0.81100 0.02482
 0.81150 0.02483
 0.81200 0.02484
 0.81250 0.02485
 0.81300 0.02486
 0.81350 0.02486
 0.81400 0.02487
 0.81450 0.02488
 0.81500 0.02489
 0.81550 0.02490
 0.81600 0.02490
 0.81650 0.02491
 0.81700 0.02492
 0.81750 0.02493
 0.81800 0.02493
 0.81850 0.02494
 0.81900 0.02495
 0.81950 0.02496
 0.82000 0.02497
 0.82050 0.02497
 0.82100 0.02498
 0.82150 0.02499
 0.82200 0.02500
 0.82250 0.02501
 0.82300 0.02501
 0.82350 0.02502
 0.82400 0.02503
 0.82450 0.02504
 0.82500 0.02505
 0.82550 0.02505
 0.82600 0.02506
 0.82650 0.02507
 0.82700 0.02508
 0.82750 0.02509
 0.82800 0.02509
 0.82850 0.02510
 0.82900 0.02511
 0.82950 0.02512
 0.83000 0.02512
 0.83050 0.02513
 0.83100 0.02514
 0.83150 0.02515
 0.83200 0.02516
 0.83250 0.02516
 0.83300 0.02517
 0.83350 0.02518
 0.83400 0.02519
 0.83450 0.02520
 0.83500 0.02520
 0.83550 0.02521
 0.83600 0.02522
 0.83650 0.02523
 0.83700 0.02523
 0.83750 0.02524
 0.83800 0.02525
 0.83850 0.02526
 0.83900 0.02527
 0.83950 0.02527
 0.84000 0.02528
 0.84050 0.02529
 0.84100 0.02530
 0.84150 0.02530
 0.84200 0.02531
 0.84250 0.02532
 0.84300 0.02533
 0.84350 0.02534
 0.84400 0.02534
 0.84450 0.02535
 0.84500 0.02536
 0.84550 0.02537
 0.84600 0.02537
 0.84650 0.02538
 0.84700 0.02539
 0.84750 0.02540
 0.84800 0.02541
 0.84850 0.02541
 0.84900 0.02542
 0.84950 0.02543
 0.85000 0.02544
 0.85050 0.02544
 0.85100 0.02545
 0.85150 0.02546
 0.85200 0.02547
 0.85250 0.02548
 0.85300 0.02548
 0.85350 0.02549
 0.85400 0.02550
 0.85450 0.02551
 0.85500 0.02551
 0.85550 0.02552
 0.85600 0.02553
 0.85650 0.02554
 0.85700 0.02555
 0.85750 0.02555
 0.85800 0.02556
 0.85850 0.02557
 0.85900 0.02558
 0.85950 0.02558
 0.86000 0.02559
 0.86050 0.02560
 0.86100 0.02561
 0.86150 0.02561
 0.86200 0.02562
 0.86250 0.02563
 0.86300 0.02564
 0.86350 0.02565
 0.86400 0.02565
 0.86450 0.02566
 0.86500 0.02567
 0.86550 0.02568
 0.86600 0.02568
 0.86650 0.02569
 0.86700 0.02570
 0.86750 0.02571
 0.86800 0.02571
 0.86850 0.02572
 0.86900 0.02573
 0.86950 0.02574
 0.87000 0.02574
 0.87050 0.02575
 0.87100 0.02576
 0.87150 0.02577
 0.87200 0.02578
 0.87250 0.02578
 0.87300 0.02579
 0.87350 0.02580
 0.87400 0.02581
 0.87450 0.02581
 0.87500 0.02582
 0.87550 0.02583
 0.87600 0.02584
 0.87650 0.02584
 0.87700 0.02585
 0.87750 0.02586
 0.87800 0.02587
 0.87850 0.02587
 0.87900 0.02588
 0.87950 0.02589
 0.88000 0.02590
 0.88050 0.02590
 0.88100 0.02591
 0.88150 0.02592
 0.88200 0.02593
 0.88250 0.02594
 0.88300 0.02594
 0.88350 0.02595
 0.88400 0.02596
 0.88450 0.02597
 0.88500 0.02597
 0.88550 0.02598
 0.88600 0.02599
 0.88650 0.02600
 0.88700 0.02600
 0.88750 0.02601
 0.88800 0.02602
 0.88850 0.02603
 0.88900 0.02603
 0.88950 0.02604
 0.89000 0.02605
 0.89050 0.02606
 0.89100 0.02606
 0.89150 0.02607
 0.89200 0.02608
 0.89250 0.02609
 0.89300 0.02609
 0.89350 0.02610
 0.89400 0.02611
 0.89450 0.02612
 0.89500 0.02612
 0.89550 0.02613
 0.89600 0.02614
 0.89650 0.02615
 0.89700 0.02615
 0.89750 0.02616
 0.89800 0.02617
 0.89850 0.02618
 0.89900 0.02618
 0.89950 0.02619
 0.90000 0.02620
 0.90050 0.02621
 0.90100 0.02621
 0.90150 0.02622
 0.90200 0.02623
 0.90250 0.02624
 0.90300 0.02624
 0.90350 0.02625
 0.90400 0.02626
 0.90450 0.02627
 0.90500 0.02627
 0.90550 0.02628
 0.90600 0.02629
 0.90650 0.02630
 0.90700 0.02630
 0.90750 0.02631
 0.90800 0.02632
 0.90850 0.02633
 0.90900 0.02633
 0.90950 0.02634
 0.91000 0.02635
 0.91050 0.02636
 0.91100 0.02636
 0.91150 0.02637
 0.91200 0.02638
 0.91250 0.02639
 0.91300 0.02639
 0.91350 0.02640
 0.91400 0.02641
 0.91450 0.02642
 0.91500 0.02642
 0.91550 0.02643
 0.91600 0.02644
 0.91650 0.02645
 0.91700 0.02645
 0.91750 0.02646
 0.91800 0.02647
 0.91850 0.02648
 0.91900 0.02648
 0.91950 0.02649
 0.92000 0.02650
 0.92050 0.02650
 0.92100 0.02651
 0.92150 0.02652
 0.92200 0.02653
 0.92250 0.02653
 0.92300 0.02654
 0.92350 0.02655
 0.92400 0.02656
 0.92450 0.02656
 0.92500 0.02657
 0.92550 0.02658
 0.92600 0.02659
 0.92650 0.02659
 0.92700 0.02660
 0.92750 0.02661
 0.92800 0.02662
 0.92850 0.02662
 0.92900 0.02663
 0.92950 0.02664
 0.93000 0.02665
 0.93050 0.02665
 0.93100 0.02666
 0.93150 0.02667
 0.93200 0.02667
 0.93250 0.02668
 0.93300 0.02669
 0.93350 0.02670
 0.93400 0.02670
 0.93450 0.02671
 0.93500 0.02672
 0.93550 0.02673
 0.93600 0.02673
 0.93650 0.02674
 0.93700 0.02675
 0.93750 0.02676
 0.93800 0.02676
 0.93850 0.02677
 0.93900 0.02678
 0.93950 0.02678
 0.94000 0.02679
 0.94050 0.02680
 0.94100 0.02681
 0.94150 0.02681
 0.94200 0.02682
 0.94250 0.02683
 0.94300 0.02684
 0.94350 0.02684
 0.94400 0.02685
 0.94450 0.02686
 0.94500 0.02686
 0.94550 0.02687
 0.94600 0.02688
 0.94650 0.02689
 0.94700 0.02689
 0.94750 0.02690
 0.94800 0.02691
 0.94850 0.02692
 0.94900 0.02692
 0.94950 0.02693
 0.95000 0.02694
 0.95050 0.02694
 0.95100 0.02695
 0.95150 0.02696
 0.95200 0.02697
 0.95250 0.02697
 0.95300 0.02698
 0.95350 0.02699
 0.95400 0.02700
 0.95450 0.02700
 0.95500 0.02701
 0.95550 0.02702
 0.95600 0.02702
 0.95650 0.02703
 0.95700 0.02704
 0.95750 0.02705
 0.95800 0.02705
 0.95850 0.02706
 0.95900 0.02707
 0.95950 0.02708
 0.96000 0.02708
 0.96050 0.02709
 0.96100 0.02710
 0.96150 0.02710
 0.96200 0.02711
 0.96250 0.02712
 0.96300 0.02713
 0.96350 0.02713
 0.96400 0.02714
 0.96450 0.02715
 0.96500 0.02715
 0.96550 0.02716
 0.96600 0.02717
 0.96650 0.02718
 0.96700 0.02718
 0.96750 0.02719
 0.96800 0.02720
 0.96850 0.02721
 0.96900 0.02721
 0.96950 0.02722
 0.97000 0.02723
 0.97050 0.02723
 0.97100 0.02724
 0.97150 0.02725
 0.97200 0.02726
 0.97250 0.02726
 0.97300 0.02727
 0.97350 0.02728
 0.97400 0.02728
 0.97450 0.02729
 0.97500 0.02730
 0.97550 0.02731
 0.97600 0.02731
 0.97650 0.02732
 0.97700 0.02733
 0.97750 0.02733
 0.97800 0.02734
 0.97850 0.02735
 0.97900 0.02736
 0.97950 0.02736
 0.98000 0.02737
 0.98050 0.02738
 0.98100 0.02738
 0.98150 0.02739
 0.98200 0.02740
 0.98250 0.02741
 0.98300 0.02741
 0.98350 0.02742
 0.98400 0.02743
 0.98450 0.02743
 0.98500 0.02744
 0.98550 0.02745
 0.98600 0.02746
 0.98650 0.02746
 0.98700 0.02747
 0.98750 0.02748
 0.98800 0.02748
 0.98850 0.02749
 0.98900 0.02750
 0.98950 0.02750
 0.99000 0.02751
 0.99050 0.02752
 0.99100 0.02753
 0.99150 0.02753
 0.99200 0.02754
 0.99250 0.02755
 0.99300 0.02755
 0.99350 0.02756
 0.99400 0.02757
 0.99450 0.02758
 0.99500 0.02758
 0.99550 0.02759
 0.99600 0.02760
 0.99650 0.02760
 0.99700 0.02761
 0.99750 0.02762
 0.99800 0.02763
 0.99850 0.02763
 0.99900 0.02764
 0.99950 0.02765
 1.00000 0.02765
 1.00050 0.02766
