 0.00000 0.00000
 0.00050 0.00020
 0.00100 0.00053
 0.00150 0.00089
 0.00200 0.00125
 0.00250 0.00160
 0.00300 0.00194
 0.00350 0.00228
 0.00400 0.00260
 0.00450 0.00292
 0.00500 0.00322
 0.00550 0.00352
 0.00600 0.00381
 0.00650 0.00410
 0.00700 0.00438
 0.00750 0.00465
 0.00800 0.00491
 0.00850 0.00518
 0.00900 0.00543
 0.00950 0.00568
 0.01000 0.00593
 0.01050 0.00617
 0.01100 0.00641
 0.01150 0.00664
 0.01200 0.00687
 0.01250 0.00710
 0.01300 0.00733
 0.01350 0.00755
 0.01400 0.00776
 0.01450 0.00798
 0.01500 0.00819
 0.01550 0.00840
 0.01600 0.00860
 0.01650 0.00881
 0.01700 0.00901
 0.01750 0.00921
 0.01800 0.00941
 0.01850 0.00960
 0.01900 0.00979
 0.01950 0.00998
 0.02000 0.01017
 0.02050 0.01036
 0.02100 0.01054
 0.02150 0.01072
 0.02200 0.01091
 0.02250 0.01108
 0.02300 0.01126
 0.02350 0.01144
 0.02400 0.01161
 0.02450 0.01179
 0.02500 0.01196
 0.02550 0.01213
 0.02600 0.01230
 0.02650 0.01246
 0.02700 0.01263
 0.02750 0.01279
 0.02800 0.01296
 0.02850 0.01312
 0.02900 0.01328
 0.02950 0.01344
 0.03000 0.01360
 0.03050 0.01375
 0.03100 0.01391
 0.03150 0.01406
 0.03200 0.01422
 0.03250 0.01437
 0.03300 0.01452
 0.03350 0.01467
 0.03400 0.01482
 0.03450 0.01497
 0.03500 0.01512
 0.03550 0.01527
 0.03600 0.01541
 0.03650 0.01556
 0.03700 0.01570
 0.03750 0.01584
 0.03800 0.01599
 0.03850 0.01613
 0.03900 0.01627
 0.03950 0.01641
 0.04000 0.01655
 0.04050 0.01669
 0.04100 0.01682
 0.04150 0.01696
 0.04200 0.01710
 0.04250 0.01723
 0.04300 0.01737
 0.04350 0.01750
 0.04400 0.01763
 0.04450 0.01776
 0.04500 0.01790
 0.04550 0.01803
 0.04600 0.01816
 0.04650 0.01829
 0.04700 0.01842
 0.04750 0.01855
 0.04800 0.01867
 0.04850 0.01880
 0.04900 0.01893
 0.04950 0.01905
 0.05000 0.01918
 0.05050 0.01930
 0.05100 0.01943
 0.05150 0.01955
 0.05200 0.01967
 0.05250 0.01980
 0.05300 0.01992
 0.05350 0.02004
 0.05400 0.02016
 0.05450 0.02028
 0.05500 0.02040
 0.05550 0.02052
 0.05600 0.02064
 0.05650 0.02076
 0.05700 0.02087
 0.05750 0.02099
 0.05800 0.02111
 0.05850 0.02122
 0.05900 0.02134
 0.05950 0.02146
 0.06000 0.02157
 0.06050 0.02169
 0.06100 0.02180
 0.06150 0.02191
 0.06200 0.02203
 0.06250 0.02214
 0.06300 0.02225
 0.06350 0.02236
 0.06400 0.02247
 0.06450 0.02259
 0.06500 0.02270
 0.06550 0.02281
 0.06600 0.02292
 0.06650 0.02303
 0.06700 0.02313
 0.06750 0.02324
 0.06800 0.02335
 0.06850 0.02346
 0.06900 0.02357
 0.06950 0.02367
 0.07000 0.02378
 0.07050 0.02389
 0.07100 0.02399
 0.07150 0.02410
 0.07200 0.02420
 0.07250 0.02431
 0.07300 0.02441
 0.07350 0.02452
 0.07400 0.02462
 0.07450 0.02472
 0.07500 0.02483
 0.07550 0.02493
 0.07600 0.02503
 0.07650 0.02513
 0.07700 0.02523
 0.07750 0.02534
 0.07800 0.02544
 0.07850 0.02554
 0.07900 0.02564
 0.07950 0.02574
 0.08000 0.02584
 0.08050 0.02594
 0.08100 0.02604
 0.08150 0.02614
 0.08200 0.02623
 0.08250 0.02633
 0.08300 0.02643
 0.08350 0.02653
 0.08400 0.02663
 0.08450 0.02672
 0.08500 0.02682
 0.08550 0.02692
 0.08600 0.02701
 0.08650 0.02711
 0.08700 0.02720
 0.08750 0.02730
 0.08800 0.02740
 0.08850 0.02749
 0.08900 0.02758
 0.08950 0.02768
 0.09000 0.02777
 0.09050 0.02787
 0.09100 0.02796
 0.09150 0.02805
 0.09200 0.02815
 0.09250 0.02824
 0.09300 0.02833
 0.09350 0.02842
 0.09400 0.02852
 0.09450 0.02861
 0.09500 0.02870
 0.09550 0.02879
 0.09600 0.02888
 0.09650 0.02897
 0.09700 0.02906
 0.09750 0.02915
 0.09800 0.02924
 0.09850 0.02933
 0.09900 0.02942
 0.09950 0.02951
 0.10000 0.02960
 0.10050 0.02969
 0.10100 0.02978
 0.10150 0.02987
 0.10200 0.02996
 0.10250 0.03004
 0.10300 0.03013
 0.10350 0.03022
 0.10400 0.03031
 0.10450 0.03039
 0.10500 0.03048
 0.10550 0.03057
 0.10600 0.03066
 0.10650 0.03074
 0.10700 0.03083
 0.10750 0.03091
 0.10800 0.03100
 0.10850 0.03108
 0.10900 0.03117
 0.10950 0.03126
 0.11000 0.03134
 0.11050 0.03142
 0.11100 0.03151
 0.11150 0.03159
 0.11200 0.03168
 0.11250 0.03176
 0.11300 0.03185
 0.11350 0.03193
 0.11400 0.03201
 0.11450 0.03210
 0.11500 0.03218
 0.11550 0.03226
 0.11600 0.03234
 0.11650 0.03243
 0.11700 0.03251
 0.11750 0.03259
 0.11800 0.03267
 0.11850 0.03275
 0.11900 0.03284
 0.11950 0.03292
 0.12000 0.03300
 0.12050 0.03308
 0.12100 0.03316
 0.12150 0.03324
 0.12200 0.03332
 0.12250 0.03340
 0.12300 0.03348
 0.12350 0.03356
 0.12400 0.03364
 0.12450 0.03372
 0.12500 0.03380
 0.12550 0.03388
 0.12600 0.03396
 0.12650 0.03404
 0.12700 0.03412
 0.12750 0.03419
 0.12800 0.03427
 0.12850 0.03435
 0.12900 0.03443
 0.12950 0.03451
 0.13000 0.03459
 0.13050 0.03466
 0.13100 0.03474
 0.13150 0.03482
 0.13200 0.03489
 0.13250 0.03497
 0.13300 0.03505
 0.13350 0.03513
 0.13400 0.03520
 0.13450 0.03528
 0.13500 0.03535
 0.13550 0.03543
 0.13600 0.03551
 0.13650 0.03558
 0.13700 0.03566
 0.13750 0.03573
 0.13800 0.03581
 0.13850 0.03588
 0.13900 0.03596
 0.13950 0.03603
 0.14000 0.03611
 0.14050 0.03618
 0.14100 0.03626
 0.14150 0.03633
 0.14200 0.03641
 0.14250 0.03648
 0.14300 0.03655
 0.14350 0.03663
 0.14400 0.03670
 0.14450 0.03678
 0.14500 0.03685
 0.14550 0.03692
 0.14600 0.03700
 0.14650 0.03707
 0.14700 0.03714
 0.14750 0.03721
 0.14800 0.03729
 0.14850 0.03736
 0.14900 0.03743
 0.14950 0.03750
 0.15000 0.03758
 0.15050 0.03765
 0.15100 0.03772
 0.15150 0.03779
 0.15200 0.03786
 0.15250 0.03793
 0.15300 0.03800
 0.15350 0.03808
 0.15400 0.03815
 0.15450 0.03822
 0.15500 0.03829
 0.15550 0.03836
 0.15600 0.03843
 0.15650 0.03850
 0.15700 0.03857
 0.15750 0.03864
 0.15800 0.03871
 0.15850 0.03878
 0.15900 0.03885
 0.15950 0.03892
 0.16000 0.03899
 0.16050 0.03906
 0.16100 0.03913
 0.16150 0.03920
 0.16200 0.03927
 0.16250 0.03934
 0.16300 0.03940
 0.16350 0.03947
 0.16400 0.03954
 0.16450 0.03961
 0.16500 0.03968
 0.16550 0.03975
 0.16600 0.03982
 0.16650 0.03988
 0.16700 0.03995
 0.16750 0.04002
 0.16800 0.04009
 0.16850 0.04015
 0.16900 0.04022
 0.16950 0.04029
 0.17000 0.04036
 0.17050 0.04042
 0.17100 0.04049
 0.17150 0.04056
 0.17200 0.04062
 0.17250 0.04069
 0.17300 0.04076
 0.17350 0.04082
 0.17400 0.04089
 0.17450 0.04096
 0.17500 0.04102
 0.17550 0.04109
 0.17600 0.04116
 0.17650 0.04122
 0.17700 0.04129
 0.17750 0.04135
 0.17800 0.04142
 0.17850 0.04148
 0.17900 0.04155
 0.17950 0.04162
 0.18000 0.04168
 0.18050 0.04175
 0.18100 0.04181
 0.18150 0.04188
 0.18200 0.04194
 0.18250 0.04200
 0.18300 0.04207
 0.18350 0.04213
 0.18400 0.04220
 0.18450 0.04226
 0.18500 0.04233
 0.18550 0.04239
 0.18600 0.04245
 0.18650 0.04252
 0.18700 0.04258
 0.18750 0.04265
 0.18800 0.04271
 0.18850 0.04277
 0.18900 0.04284
 0.18950 0.04290
 0.19000 0.04296
 0.19050 0.04303
 0.19100 0.04309
 0.19150 0.04315
 0.19200 0.04322
 0.19250 0.04328
 0.19300 0.04334
 0.19350 0.04340
 0.19400 0.04347
 0.19450 0.04353
 0.19500 0.04359
 0.19550 0.04365
 0.19600 0.04372
 0.19650 0.04378
 0.19700 0.04384
 0.19750 0.04390
 0.19800 0.04396
 0.19850 0.04402
 0.19900 0.04409
 0.19950 0.04415
 0.20000 0.04421
 0.20050 0.04427
 0.20100 0.04433
 0.20150 0.04439
 0.20200 0.04445
 0.20250 0.04452
 0.20300 0.04458
 0.20350 0.04464
 0.20400 0.04470
 0.20450 0.04476
 0.20500 0.04482
 0.20550 0.04488
 0.20600 0.04494
 0.20650 0.04500
 0.20700 0.04506
 0.20750 0.04512
 0.20800 0.04518
 0.20850 0.04524
 0.20900 0.04530
 0.20950 0.04536
 0.21000 0.04542
 0.21050 0.04548
 0.21100 0.04554
 0.21150 0.04560
 0.21200 0.04566
 0.21250 0.04572
 0.21300 0.04578
 0.21350 0.04584
 0.21400 0.04590
 0.21450 0.04595
 0.21500 0.04601
 0.21550 0.04607
 0.21600 0.04613
 0.21650 0.04619
 0.21700 0.04625
 0.21750 0.04631
 0.21800 0.04637
 0.21850 0.04642
 0.21900 0.04648
 0.21950 0.04654
 0.22000 0.04660
 0.22050 0.04666
 0.22100 0.04672
 0.22150 0.04677
 0.22200 0.04683
 0.22250 0.04689
 0.22300 0.04695
 0.22350 0.04700
 0.22400 0.04706
 0.22450 0.04712
 0.22500 0.04718
 0.22550 0.04723
 0.22600 0.04729
 0.22650 0.04735
 0.22700 0.04741
 0.22750 0.04746
 0.22800 0.04752
 0.22850 0.04758
 0.22900 0.04763
 0.22950 0.04769
 0.23000 0.04775
 0.23050 0.04780
 0.23100 0.04786
 0.23150 0.04792
 0.23200 0.04797
 0.23250 0.04803
 0.23300 0.04809
 0.23350 0.04814
 0.23400 0.04820
 0.23450 0.04825
 0.23500 0.04831
 0.23550 0.04837
 0.23600 0.04842
 0.23650 0.04848
 0.23700 0.04853
 0.23750 0.04859
 0.23800 0.04865
 0.23850 0.04870
 0.23900 0.04876
 0.23950 0.04881
 0.24000 0.04887
 0.24050 0.04892
 0.24100 0.04898
 0.24150 0.04903
 0.24200 0.04909
 0.24250 0.04914
 0.24300 0.04920
 0.24350 0.04925
 0.24400 0.04931
 0.24450 0.04936
 0.24500 0.04942
 0.24550 0.04947
 0.24600 0.04953
 0.24650 0.04958
 0.24700 0.04963
 0.24750 0.04969
 0.24800 0.04974
 0.24850 0.04980
 0.24900 0.04985
 0.24950 0.04991
 0.25000 0.04996
 0.25050 0.05001
 0.25100 0.05007
 0.25150 0.05012
 0.25200 0.05018
 0.25250 0.05023
 0.25300 0.05028
 0.25350 0.05034
 0.25400 0.05039
 0.25450 0.05044
 0.25500 0.05050
 0.25550 0.05055
 0.25600 0.05060
 0.25650 0.05066
 0.25700 0.05071
 0.25750 0.05076
 0.25800 0.05082
 0.25850 0.05087
 0.25900 0.05092
 0.25950 0.05097
 0.26000 0.05103
 0.26050 0.05108
 0.26100 0.05113
 0.26150 0.05118
 0.26200 0.05124
 0.26250 0.05129
 0.26300 0.05134
 0.26350 0.05139
 0.26400 0.05145
 0.26450 0.05150
 0.26500 0.05155
 0.26550 0.05160
 0.26600 0.05166
 0.26650 0.05171
 0.26700 0.05176
 0.26750 0.05181
 0.26800 0.05186
 0.26850 0.05192
 0.26900 0.05197
 0.26950 0.05202
 0.27000 0.05207
 0.27050 0.05212
 0.27100 0.05217
 0.27150 0.05222
 0.27200 0.05228
 0.27250 0.05233
 0.27300 0.05238
 0.27350 0.05243
 0.27400 0.05248
 0.27450 0.05253
 0.27500 0.05258
 0.27550 0.05263
 0.27600 0.05268
 0.27650 0.05274
 0.27700 0.05279
 0.27750 0.05284
 0.27800 0.05289
 0.27850 0.05294
 0.27900 0.05299
 0.27950 0.05304
 0.28000 0.05309
 0.28050 0.05314
 0.28100 0.05319
 0.28150 0.05324
 0.28200 0.05329
 0.28250 0.05334
 0.28300 0.05339
 0.28350 0.05344
 0.28400 0.05349
 0.28450 0.05354
 0.28500 0.05359
 0.28550 0.05364
 0.28600 0.05369
 0.28650 0.05374
 0.28700 0.05379
 0.28750 0.05384
 0.28800 0.05389
 0.28850 0.05394
 0.28900 0.05399
 0.28950 0.05404
 0.29000 0.05409
 0.29050 0.05414
 0.29100 0.05419
 0.29150 0.05424
 0.29200 0.05429
 0.29250 0.05434
 0.29300 0.05438
 0.29350 0.05443
 0.29400 0.05448
 0.29450 0.05453
 0.29500 0.05458
 0.29550 0.05463
 0.29600 0.05468
 0.29650 0.05473
 0.29700 0.05478
 0.29750 0.05482
 0.29800 0.05487
 0.29850 0.05492
 0.29900 0.05497
 0.29950 0.05502
 0.30000 0.05507
 0.30050 0.05511
 0.30100 0.05516
 0.30150 0.05521
 0.30200 0.05526
 0.30250 0.05531
 0.30300 0.05536
 0.30350 0.05540
 0.30400 0.05545
 0.30450 0.05550
 0.30500 0.05555
 0.30550 0.05560
 0.30600 0.05564
 0.30650 0.05569
 0.30700 0.05574
 0.30750 0.05579
 0.30800 0.05583
 0.30850 0.05588
 0.30900 0.05593
 0.30950 0.05598
 0.31000 0.05602
 0.31050 0.05607
 0.31100 0.05612
 0.31150 0.05617
 0.31200 0.05621
 0.31250 0.05626
 0.31300 0.05631
 0.31350 0.05636
 0.31400 0.05640
 0.31450 0.05645
 0.31500 0.05650
 0.31550 0.05654
 0.31600 0.05659
 0.31650 0.05664
 0.31700 0.05668
 0.31750 0.05673
 0.31800 0.05678
 0.31850 0.05682
 0.31900 0.05687
 0.31950 0.05692
 0.32000 0.05696
 0.32050 0.05701
 0.32100 0.05706
 0.32150 0.05710
 0.32200 0.05715
 0.32250 0.05720
 0.32300 0.05724
 0.32350 0.05729
 0.32400 0.05733
 0.32450 0.05738
 0.32500 0.05743
 0.32550 0.05747
 0.32600 0.05752
 0.32650 0.05756
 0.32700 0.05761
 0.32750 0.05766
 0.32800 0.05770
 0.32850 0.05775
 0.32900 0.05779
 0.32950 0.05784
 0.33000 0.05788
 0.33050 0.05793
 0.33100 0.05798
 0.33150 0.05802
 0.33200 0.05807
 0.33250 0.05811
 0.33300 0.05816
 0.33350 0.05820
 0.33400 0.05825
 0.33450 0.05829
 0.33500 0.05834
 0.33550 0.05838
 0.33600 0.05843
 0.33650 0.05847
 0.33700 0.05852
 0.33750 0.05856
 0.33800 0.05861
 0.33850 0.05865
 0.33900 0.05870
 0.33950 0.05874
 0.34000 0.05879
 0.34050 0.05883
 0.34100 0.05888
 0.34150 0.05892
 0.34200 0.05897
 0.34250 0.05901
 0.34300 0.05906
 0.34350 0.05910
 0.34400 0.05915
 0.34450 0.05919
 0.34500 0.05923
 0.34550 0.05928
 0.34600 0.05932
 0.34650 0.05937
 0.34700 0.05941
 0.34750 0.05946
 0.34800 0.05950
 0.34850 0.05954
 0.34900 0.05959
 0.34950 0.05963
 0.35000 0.05968
 0.35050 0.05972
 0.35100 0.05976
 0.35150 0.05981
 0.35200 0.05985
 0.35250 0.05990
 0.35300 0.05994
 0.35350 0.05998
 0.35400 0.06003
 0.35450 0.06007
 0.35500 0.06011
 0.35550 0.06016
 0.35600 0.06020
 0.35650 0.06024
 0.35700 0.06029
 0.35750 0.06033
 0.35800 0.06037
 0.35850 0.06042
 0.35900 0.06046
 0.35950 0.06050
 0.36000 0.06055
 0.36050 0.06059
 0.36100 0.06063
 0.36150 0.06068
 0.36200 0.06072
 0.36250 0.06076
 0.36300 0.06081
 0.36350 0.06085
 0.36400 0.06089
 0.36450 0.06093
 0.36500 0.06098
 0.36550 0.06102
 0.36600 0.06106
 0.36650 0.06111
 0.36700 0.06115
 0.36750 0.06119
 0.36800 0.06123
 0.36850 0.06128
 0.36900 0.06132
 0.36950 0.06136
 0.37000 0.06140
 0.37050 0.06145
 0.37100 0.06149
 0.37150 0.06153
 0.37200 0.06157
 0.37250 0.06162
 0.37300 0.06166
 0.37350 0.06170
 0.37400 0.06174
 0.37450 0.06178
 0.37500 0.06183
 0.37550 0.06187
 0.37600 0.06191
 0.37650 0.06195
 0.37700 0.06199
 0.37750 0.06204
 0.37800 0.06208
 0.37850 0.06212
 0.37900 0.06216
 0.37950 0.06220
 0.38000 0.06224
 0.38050 0.06229
 0.38100 0.06233
 0.38150 0.06237
 0.38200 0.06241
 0.38250 0.06245
 0.38300 0.06249
 0.38350 0.06254
 0.38400 0.06258
 0.38450 0.06262
 0.38500 0.06266
 0.38550 0.06270
 0.38600 0.06274
 0.38650 0.06278
 0.38700 0.06283
 0.38750 0.06287
 0.38800 0.06291
 0.38850 0.06295
 0.38900 0.06299
 0.38950 0.06303
 0.39000 0.06307
 0.39050 0.06311
 0.39100 0.06315
 0.39150 0.06319
 0.39200 0.06324
 0.39250 0.06328
 0.39300 0.06332
 0.39350 0.06336
 0.39400 0.06340
 0.39450 0.06344
 0.39500 0.06348
 0.39550 0.06352
 0.39600 0.06356
 0.39650 0.06360
 0.39700 0.06364
 0.39750 0.06368
 0.39800 0.06372
 0.39850 0.06376
 0.39900 0.06380
 0.39950 0.06384
 0.40000 0.06389
 0.40050 0.06393
 0.40100 0.06397
 0.40150 0.06401
 0.40200 0.06405
 0.40250 0.06409
 0.40300 0.06413
 0.40350 0.06417
 0.40400 0.06421
 0.40450 0.06425
 0.40500 0.06429
 0.40550 0.06433
 0.40600 0.06437
 0.40650 0.06441
 0.40700 0.06445
 0.40750 0.06449
 0.40800 0.06453
 0.40850 0.06457
 0.40900 0.06461
 0.40950 0.06465
 0.41000 0.06469
 0.41050 0.06473
 0.41100 0.06476
 0.41150 0.06480
 0.41200 0.06484
 0.41250 0.06488
 0.41300 0.06492
 0.41350 0.06496
 0.41400 0.06500
 0.41450 0.06504
 0.41500 0.06508
 0.41550 0.06512
 0.41600 0.06516
 0.41650 0.06520
 0.41700 0.06524
 0.41750 0.06528
 0.41800 0.06532
 0.41850 0.06536
 0.41900 0.06539
 0.41950 0.06543
 0.42000 0.06547
 0.42050 0.06551
 0.42100 0.06555
 0.42150 0.06559
 0.42200 0.06563
 0.42250 0.06567
 0.42300 0.06571
 0.42350 0.06575
 0.42400 0.06578
 0.42450 0.06582
 0.42500 0.06586
 0.42550 0.06590
 0.42600 0.06594
 0.42650 0.06598
 0.42700 0.06602
 0.42750 0.06606
 0.42800 0.06609
 0.42850 0.06613
 0.42900 0.06617
 0.42950 0.06621
 0.43000 0.06625
 0.43050 0.06629
 0.43100 0.06632
 0.43150 0.06636
 0.43200 0.06640
 0.43250 0.06644
 0.43300 0.06648
 0.43350 0.06652
 0.43400 0.06655
 0.43450 0.06659
 0.43500 0.06663
 0.43550 0.06667
 0.43600 0.06671
 0.43650 0.06675
 0.43700 0.06678
 0.43750 0.06682
 0.43800 0.06686
 0.43850 0.06690
 0.43900 0.06694
 0.43950 0.06697
 0.44000 0.06701
 0.44050 0.06705
 0.44100 0.06709
 0.44150 0.06712
 0.44200 0.06716
 0.44250 0.06720
 0.44300 0.06724
 0.44350 0.06728
 0.44400 0.06731
 0.44450 0.06735
 0.44500 0.06739
 0.44550 0.06743
 0.44600 0.06746
 0.44650 0.06750
 0.44700 0.06754
 0.44750 0.06758
 0.44800 0.06761
 0.44850 0.06765
 0.44900 0.06769
 0.44950 0.06773
 0.45000 0.06776
 0.45050 0.06780
 0.45100 0.06784
 0.45150 0.06787
 0.45200 0.06791
 0.45250 0.06795
 0.45300 0.06799
 0.45350 0.06802
 0.45400 0.06806
 0.45450 0.06810
 0.45500 0.06813
 0.45550 0.06817
 0.45600 0.06821
 0.45650 0.06825
 0.45700 0.06828
 0.45750 0.06832
 0.45800 0.06836
 0.45850 0.06839
 0.45900 0.06843
 0.45950 0.06847
 0.46000 0.06850
 0.46050 0.06854
 0.46100 0.06858
 0.46150 0.06861
 0.46200 0.06865
 0.46250 0.06869
 0.46300 0.06872
 0.46350 0.06876
 0.46400 0.06880
 0.46450 0.06883
 0.46500 0.06887
 0.46550 0.06891
 0.46600 0.06894
 0.46650 0.06898
 0.46700 0.06901
 0.46750 0.06905
 0.46800 0.06909
 0.46850 0.06912
 0.46900 0.06916
 0.46950 0.06920
 0.47000 0.06923
 0.47050 0.06927
 0.47100 0.06930
 0.47150 0.06934
 0.47200 0.06938
 0.47250 0.06941
 0.47300 0.06945
 0.47350 0.06949
 0.47400 0.06952
 0.47450 0.06956
 0.47500 0.06959
 0.47550 0.06963
 0.47600 0.06966
 0.47650 0.06970
 0.47700 0.06974
 0.47750 0.06977
 0.47800 0.06981
 0.47850 0.06984
 0.47900 0.06988
 0.47950 0.06992
 0.48000 0.06995
 0.48050 0.06999
 0.48100 0.07002
 0.48150 0.07006
 0.48200 0.07009
 0.48250 0.07013
 0.48300 0.07016
 0.48350 0.07020
 0.48400 0.07024
 0.48450 0.07027
 0.48500 0.07031
 0.48550 0.07034
 0.48600 0.07038
 0.48650 0.07041
 0.48700 0.07045
 0.48750 0.07048
 0.48800 0.07052
 0.48850 0.07055
 0.48900 0.07059
 0.48950 0.07062
 0.49000 0.07066
 0.49050 0.07070
 0.49100 0.07073
 0.49150 0.07077
 0.49200 0.07080
 0.49250 0.07084
 0.49300 0.07087
 0.49350 0.07091
 0.49400 0.07094
 0.49450 0.07098
 0.49500 0.07101
 0.49550 0.07105
 0.49600 0.07108
 0.49650 0.07112
 0.49700 0.07115
 0.49750 0.07118
 0.49800 0.07122
 0.49850 0.07125
 0.49900 0.07129
 0.49950 0.07132
 0.50000 0.07136
 0.50050 0.07139
 0.50100 0.07143
 0.50150 0.07146
 0.50200 0.07150
 0.50250 0.07153
 0.50300 0.07157
 0.50350 0.07160
 0.50400 0.07164
 0.50450 0.07167
 0.50500 0.07170
 0.50550 0.07174
 0.50600 0.07177
 0.50650 0.07181
 0.50700 0.07184
 0.50750 0.07188
 0.50800 0.07191
 0.50850 0.07194
 0.50900 0.07198
 0.50950 0.07201
 0.51000 0.07205
 0.51050 0.07208
 0.51100 0.07212
 0.51150 0.07215
 0.51200 0.07218
 0.51250 0.07222
 0.51300 0.07225
 0.51350 0.07229
 0.51400 0.07232
 0.51450 0.07235
 0.51500 0.07239
 0.51550 0.07242
 0.51600 0.07246
 0.51650 0.07249
 0.51700 0.07252
 0.51750 0.07256
 0.51800 0.07259
 0.51850 0.07263
 0.51900 0.07266
 0.51950 0.07269
 0.52000 0.07273
 0.52050 0.07276
 0.52100 0.07279
 0.52150 0.07283
 0.52200 0.07286
 0.52250 0.07290
 0.52300 0.07293
 0.52350 0.07296
 0.52400 0.07300
 0.52450 0.07303
 0.52500 0.07306
 0.52550 0.07310
 0.52600 0.07313
 0.52650 0.07316
 0.52700 0.07320
 0.52750 0.07323
 0.52800 0.07326
 0.52850 0.07330
 0.52900 0.07333
 0.52950 0.07336
 0.53000 0.07340
 0.53050 0.07343
 0.53100 0.07346
 0.53150 0.07350
 0.53200 0.07353
 0.53250 0.07356
 0.53300 0.07360
 0.53350 0.07363
 0.53400 0.07366
 0.53450 0.07370
 0.53500 0.07373
 0.53550 0.07376
 0.53600 0.07380
 0.53650 0.07383
 0.53700 0.07386
 0.53750 0.07389
 0.53800 0.07393
 0.53850 0.07396
 0.53900 0.07399
 0.53950 0.07403
 0.54000 0.07406
 0.54050 0.07409
 0.54100 0.07412
 0.54150 0.07416
 0.54200 0.07419
 0.54250 0.07422
 0.54300 0.07426
 0.54350 0.07429
 0.54400 0.07432
 0.54450 0.07435
 0.54500 0.07439
 0.54550 0.07442
 0.54600 0.07445
 0.54650 0.07448
 0.54700 0.07452
 0.54750 0.07455
 0.54800 0.07458
 0.54850 0.07461
 0.54900 0.07465
 0.54950 0.07468
 0.55000 0.07471
 0.55050 0.07474
 0.55100 0.07478
 0.55150 0.07481
 0.55200 0.07484
 0.55250 0.07487
 0.55300 0.07491
 0.55350 0.07494
 0.55400 0.07497
 0.55450 0.07500
 0.55500 0.07503
 0.55550 0.07507
 0.55600 0.07510
 0.55650 0.07513
 0.55700 0.07516
 0.55750 0.07520
 0.55800 0.07523
 0.55850 0.07526
 0.55900 0.07529
 0.55950 0.07532
 0.56000 0.07536
 0.56050 0.07539
 0.56100 0.07542
 0.56150 0.07545
 0.56200 0.07548
 0.56250 0.07552
 0.56300 0.07555
 0.56350 0.07558
 0.56400 0.07561
 0.56450 0.07564
 0.56500 0.07567
 0.56550 0.07571
 0.56600 0.07574
 0.56650 0.07577
 0.56700 0.07580
 0.56750 0.07583
 0.56800 0.07587
 0.56850 0.07590
 0.56900 0.07593
 0.56950 0.07596
 0.57000 0.07599
 0.57050 0.07602
 0.57100 0.07606
 0.57150 0.07609
 0.57200 0.07612
 0.57250 0.07615
 0.57300 0.07618
 0.57350 0.07621
 0.57400 0.07624
 0.57450 0.07628
 0.57500 0.07631
 0.57550 0.07634
 0.57600 0.07637
 0.57650 0.07640
 0.57700 0.07643
 0.57750 0.07646
 0.57800 0.07649
 0.57850 0.07653
 0.57900 0.07656
 0.57950 0.07659
 0.58000 0.07662
 0.58050 0.07665
 0.58100 0.07668
 0.58150 0.07671
 0.58200 0.07674
 0.58250 0.07678
 0.58300 0.07681
 0.58350 0.07684
 0.58400 0.07687
 0.58450 0.07690
 0.58500 0.07693
 0.58550 0.07696
 0.58600 0.07699
 0.58650 0.07702
 0.58700 0.07705
 0.58750 0.07709
 0.58800 0.07712
 0.58850 0.07715
 0.58900 0.07718
 0.58950 0.07721
 0.59000 0.07724
 0.59050 0.07727
 0.59100 0.07730
 0.59150 0.07733
 0.59200 0.07736
 0.59250 0.07739
 0.59300 0.07742
 0.59350 0.07745
 0.59400 0.07749
 0.59450 0.07752
 0.59500 0.07755
 0.59550 0.07758
 0.59600 0.07761
 0.59650 0.07764
 0.59700 0.07767
 0.59750 0.07770
 0.59800 0.07773
 0.59850 0.07776
 0.59900 0.07779
 0.59950 0.07782
 0.60000 0.07785
 0.60050 0.07788
 0.60100 0.07791
 0.60150 0.07794
 0.60200 0.07797
 0.60250 0.07800
 0.60300 0.07803
 0.60350 0.07806
 0.60400 0.07809
 0.60450 0.07813
 0.60500 0.07816
 0.60550 0.07819
 0.60600 0.07822
 0.60650 0.07825
 0.60700 0.07828
 0.60750 0.07831
 0.60800 0.07834
 0.60850 0.07837
 0.60900 0.07840
 0.60950 0.07843
 0.61000 0.07846
 0.61050 0.07849
 0.61100 0.07852
 0.61150 0.07855
 0.61200 0.07858
 0.61250 0.07861
 0.61300 0.07864
 0.61350 0.07867
 0.61400 0.07870
 0.61450 0.07873
 0.61500 0.07876
 0.61550 0.07879
 0.61600 0.07882
 0.61650 0.07885
 0.61700 0.07888
 0.61750 0.07891
 0.61800 0.07894
 0.61850 0.07897
 0.61900 0.07900
 0.61950 0.07902
 0.62000 0.07905
 0.62050 0.07908
 0.62100 0.07911
 0.62150 0.07914
 0.62200 0.07917
 0.62250 0.07920
 0.62300 0.07923
 0.62350 0.07926
 0.62400 0.07929
 0.62450 0.07932
 0.62500 0.07935
 0.62550 0.07938
 0.62600 0.07941
 0.62650 0.07944
 0.62700 0.07947
 0.62750 0.07950
 0.62800 0.07953
 0.62850 0.07956
 0.62900 0.07959
 0.62950 0.07962
 0.63000 0.07964
 0.63050 0.07967
 0.63100 0.07970
 0.63150 0.07973
 0.63200 0.07976
 0.63250 0.07979
 0.63300 0.07982
 0.63350 0.07985
 0.63400 0.07988
 0.63450 0.07991
 0.63500 0.07994
 0.63550 0.07997
 0.63600 0.08000
 0.63650 0.08002
 0.63700 0.08005
 0.63750 0.08008
 0.63800 0.08011
 0.63850 0.08014
 0.63900 0.08017
 0.63950 0.08020
 0.64000 0.08023
 0.64050 0.08026
 0.64100 0.08029
 0.64150 0.08031
 0.64200 0.08034
 0.64250 0.08037
 0.64300 0.08040
 0.64350 0.08043
 0.64400 0.08046
 0.64450 0.08049
 0.64500 0.08052
 0.64550 0.08055
 0.64600 0.08057
 0.64650 0.08060
 0.64700 0.08063
 0.64750 0.08066
 0.64800 0.08069
 0.64850 0.08072
 0.64900 0.08075
 0.64950 0.08078
 0.65000 0.08080
 0.65050 0.08083
 0.65100 0.08086
 0.65150 0.08089
 0.65200 0.08092
 0.65250 0.08095
 0.65300 0.08098
 0.65350 0.08100
 0.65400 0.08103
 0.65450 0.08106
 0.65500 0.08109
 0.65550 0.08112
 0.65600 0.08115
 0.65650 0.08118
 0.65700 0.08120
 0.65750 0.08123
 0.65800 0.08126
 0.65850 0.08129
 0.65900 0.08132
 0.65950 0.08135
 0.66000 0.08137
 0.66050 0.08140
 0.66100 0.08143
 0.66150 0.08146
 0.66200 0.08149
 0.66250 0.08152
 0.66300 0.08154
 0.66350 0.08157
 0.66400 0.08160
 0.66450 0.08163
 0.66500 0.08166
 0.66550 0.08168
 0.66600 0.08171
 0.66650 0.08174
 0.66700 0.08177
 0.66750 0.08180
 0.66800 0.08183
 0.66850 0.08185
 0.66900 0.08188
 0.66950 0.08191
 0.67000 0.08194
 0.67050 0.08197
 0.67100 0.08199
 0.67150 0.08202
 0.67200 0.08205
 0.67250 0.08208
 0.67300 0.08211
 0.67350 0.08213
 0.67400 0.08216
 0.67450 0.08219
 0.67500 0.08222
 0.67550 0.08224
 0.67600 0.08227
 0.67650 0.08230
 0.67700 0.08233
 0.67750 0.08236
 0.67800 0.08238
 0.67850 0.08241
 0.67900 0.08244
 0.67950 0.08247
 0.68000 0.08249
 0.68050 0.08252
 0.68100 0.08255
 0.68150 0.08258
 0.68200 0.08260
 0.68250 0.08263
 0.68300 0.08266
 0.68350 0.08269
 0.68400 0.08271
 0.68450 0.08274
 0.68500 0.08277
 0.68550 0.08280
 0.68600 0.08283
 0.68650 0.08285
 0.68700 0.08288
 0.68750 0.08291
 0.68800 0.08293
 0.68850 0.08296
 0.68900 0.08299
 0.68950 0.08302
 0.69000 0.08304
 0.69050 0.08307
 0.69100 0.08310
 0.69150 0.08313
 0.69200 0.08315
 0.69250 0.08318
 0.69300 0.08321
 0.69350 0.08324
 0.69400 0.08326
 0.69450 0.08329
 0.69500 0.08332
 0.69550 0.08334
 0.69600 0.08337
 0.69650 0.08340
 0.69700 0.08343
 0.69750 0.08345
 0.69800 0.08348
 0.69850 0.08351
 0.69900 0.08353
 0.69950 0.08356
 0.70000 0.08359
 0.70050 0.08362
 0.70100 0.08364
 0.70150 0.08367
 0.70200 0.08370
 0.70250 0.08372
 0.70300 0.08375
 0.70350 0.08378
 0.70400 0.08380
 0.70450 0.08383
 0.70500 0.08386
 0.70550 0.08389
 0.70600 0.08391
 0.70650 0.08394
 0.70700 0.08397
 0.70750 0.08399
 0.70800 0.08402
 0.70850 0.08405
 0.70900 0.08407
 0.70950 0.08410
 0.71000 0.08413
 0.71050 0.08415
 0.71100 0.08418
 0.71150 0.08421
 0.71200 0.08423
 0.71250 0.08426
 0.71300 0.08429
 0.71350 0.08431
 0.71400 0.08434
 0.71450 0.08437
 0.71500 0.08439
 0.71550 0.08442
 0.71600 0.08445
 0.71650 0.08447
 0.71700 0.08450
 0.71750 0.08453
 0.71800 0.08455
 0.71850 0.08458
 0.71900 0.08461
 0.71950 0.08463
 0.72000 0.08466
 0.72050 0.08469
 0.72100 0.08471
 0.72150 0.08474
 0.72200 0.08476
 0.72250 0.08479
 0.72300 0.08482
 0.72350 0.08484
 0.72400 0.08487
 0.72450 0.08490
 0.72500 0.08492
 0.72550 0.08495
 0.72600 0.08498
 0.72650 0.08500
 0.72700 0.08503
 0.72750 0.08505
 0.72800 0.08508
 0.72850 0.08511
 0.72900 0.08513
 0.72950 0.08516
 0.73000 0.08519
 0.73050 0.08521
 0.73100 0.08524
 0.73150 0.08526
 0.73200 0.08529
 0.73250 0.08532
 0.73300 0.08534
 0.73350 0.08537
 0.73400 0.08539
 0.73450 0.08542
 0.73500 0.08545
 0.73550 0.08547
 0.73600 0.08550
 0.73650 0.08552
 0.73700 0.08555
 0.73750 0.08558
 0.73800 0.08560
 0.73850 0.08563
 0.73900 0.08565
 0.73950 0.08568
 0.74000 0.08571
 0.74050 0.08573
 0.74100 0.08576
 0.74150 0.08578
 0.74200 0.08581
 0.74250 0.08584
 0.74300 0.08586
 0.74350 0.08589
 0.74400 0.08591
 0.74450 0.08594
 0.74500 0.08596
 0.74550 0.08599
 0.74600 0.08602
 0.74650 0.08604
 0.74700 0.08607
 0.74750 0.08609
 0.74800 0.08612
 0.74850 0.08614
 0.74900 0.08617
 0.74950 0.08620
 0.75000 0.08622
 0.75050 0.08625
 0.75100 0.08627
 0.75150 0.08630
 0.75200 0.08632
 0.75250 0.08635
 0.75300 0.08637
 0.75350 0.08640
 0.75400 0.08643
 0.75450 0.08645
 0.75500 0.08648
 0.75550 0.08650
 0.75600 0.08653
 0.75650 0.08655
 0.75700 0.08658
 0.75750 0.08660
 0.75800 0.08663
 0.75850 0.08665
 0.75900 0.08668
 0.75950 0.08671
 0.76000 0.08673
 0.76050 0.08676
 0.76100 0.08678
 0.76150 0.08681
 0.76200 0.08683
 0.76250 0.08686
 0.76300 0.08688
 0.76350 0.08691
 0.76400 0.08693
 0.76450 0.08696
 0.76500 0.08698
 0.76550 0.08701
 0.76600 0.08703
 0.76650 0.08706
 0.76700 0.08708
 0.76750 0.08711
 0.76800 0.08713
 0.76850 0.08716
 0.76900 0.08718
 0.76950 0.08721
 0.77000 0.08723
 0.77050 0.08726
 0.77100 0.08728
 0.77150 0.08731
 0.77200 0.08734
 0.77250 0.08736
 0.77300 0.08739
 0.77350 0.08741
 0.77400 0.08744
 0.77450 0.08746
 0.77500 0.08748
 0.77550 0.08751
 0.77600 0.08753
 0.77650 0.08756
 0.77700 0.08758
 0.77750 0.08761
 0.77800 0.08763
 0.77850 0.08766
 0.77900 0.08768
 0.77950 0.08771
 0.78000 0.08773
 0.78050 0.08776
 0.78100 0.08778
 0.78150 0.08781
 0.78200 0.08783
 0.78250 0.08786
 0.78300 0.08788
 0.78350 0.08791
 0.78400 0.08793
 0.78450 0.08796
 0.78500 0.08798
 0.78550 0.08801
 0.78600 0.08803
 0.78650 0.08806
 0.78700 0.08808
 0.78750 0.08810
 0.78800 0.08813
 0.78850 0.08815
 0.78900 0.08818
 0.78950 0.08820
 0.79000 0.08823
 0.79050 0.08825
 0.79100 0.08828
 0.79150 0.08830
 0.79200 0.08833
 0.79250 0.08835
 0.79300 0.08837
 0.79350 0.08840
 0.79400 0.08842
 0.79450 0.08845
 0.79500 0.08847
 0.79550 0.08850
 0.79600 0.08852
 0.79650 0.08855
 0.79700 0.08857
 0.79750 0.08859
 0.79800 0.08862
 0.79850 0.08864
 0.79900 0.08867
 0.79950 0.08869
 0.80000 0.08872
 0.80050 0.08874
 0.80100 0.08876
 0.80150 0.08879
 0.80200 0.08881
 0.80250 0.08884
 0.80300 0.08886
 0.80350 0.08889
 0.80400 0.08891
 0.80450 0.08893
 0.80500 0.08896
 0.80550 0.08898
 0.80600 0.08901
 0.80650 0.08903
 0.80700 0.08905
 0.80750 0.08908
 0.80800 0.08910
 0.80850 0.08913
 0.80900 0.08915
 0.80950 0.08918
 0.81000 0.08920
 0.81050 0.08922
 0.81100 0.08925
 0.81150 0.08927
 0.81200 0.08930
 0.81250 0.08932
 0.81300 0.08934
 0.81350 0.08937
 0.81400 0.08939
 0.81450 0.08942
 0.81500 0.08944
 0.81550 0.08946
 0.81600 0.08949
 0.81650 0.08951
 0.81700 0.08954
 0.81750 0.08956
 0.81800 0.08958
 0.81850 0.08961
 0.81900 0.08963
 0.81950 0.08965
 0.82000 0.08968
 0.82050 0.08970
 0.82100 0.08973
 0.82150 0.08975
 0.82200 0.08977
 0.82250 0.08980
 0.82300 0.08982
 0.82350 0.08984
 0.82400 0.08987
 0.82450 0.08989
 0.82500 0.08992
 0.82550 0.08994
 0.82600 0.08996
 0.82650 0.08999
 0.82700 0.09001
 0.82750 0.09003
 0.82800 0.09006
 0.82850 0.09008
 0.82900 0.09010
 0.82950 0.09013
 0.83000 0.09015
 0.83050 0.09018
 0.83100 0.09020
 0.83150 0.09022
 0.83200 0.09025
 0.83250 0.09027
 0.83300 0.09029
 0.83350 0.09032
 0.83400 0.09034
 0.83450 0.09036
 0.83500 0.09039
 0.83550 0.09041
 0.83600 0.09043
 0.83650 0.09046
 0.83700 0.09048
 0.83750 0.09050
 0.83800 0.09053
 0.83850 0.09055
 0.83900 0.09057
 0.83950 0.09060
 0.84000 0.09062
 0.84050 0.09064
 0.84100 0.09067
 0.84150 0.09069
 0.84200 0.09071
 0.84250 0.09074
 0.84300 0.09076
 0.84350 0.09078
 0.84400 0.09081
 0.84450 0.09083
 0.84500 0.09085
 0.84550 0.09088
 0.84600 0.09090
 0.84650 0.09092
 0.84700 0.09095
 0.84750 0.09097
 0.84800 0.09099
 0.84850 0.09102
 0.84900 0.09104
 0.84950 0.09106
 0.85000 0.09109
 0.85050 0.09111
 0.85100 0.09113
 0.85150 0.09115
 0.85200 0.09118
 0.85250 0.09120
 0.85300 0.09122
 0.85350 0.09125
 0.85400 0.09127
 0.85450 0.09129
 0.85500 0.09132
 0.85550 0.09134
 0.85600 0.09136
 0.85650 0.09138
 0.85700 0.09141
 0.85750 0.09143
 0.85800 0.09145
 0.85850 0.09148
 0.85900 0.09150
 0.85950 0.09152
 0.86000 0.09154
 0.86050 0.09157
 0.86100 0.09159
 0.86150 0.09161
 0.86200 0.09164
 0.86250 0.09166
 0.86300 0.09168
 0.86350 0.09170
 0.86400 0.09173
 0.86450 0.09175
 0.86500 0.09177
 0.86550 0.09180
 0.86600 0.09182
 0.86650 0.09184
 0.86700 0.09186
 0.86750 0.09189
 0.86800 0.09191
 0.86850 0.09193
 0.86900 0.09195
 0.86950 0.09198
 0.87000 0.09200
 0.87050 0.09202
 0.87100 0.09205
 0.87150 0.09207
 0.87200 0.09209
 0.87250 0.09211
 0.87300 0.09214
 0.87350 0.09216
 0.87400 0.09218
 0.87450 0.09220
 0.87500 0.09223
 0.87550 0.09225
 0.87600 0.09227
 0.87650 0.09229
 0.87700 0.09232
 0.87750 0.09234
 0.87800 0.09236
 0.87850 0.09238
 0.87900 0.09241
 0.87950 0.09243
 0.88000 0.09245
 0.88050 0.09247
 0.88100 0.09250
 0.88150 0.09252
 0.88200 0.09254
 0.88250 0.09256
 0.88300 0.09258
 0.88350 0.09261
 0.88400 0.09263
 0.88450 0.09265
 0.88500 0.09267
 0.88550 0.09270
 0.88600 0.09272
 0.88650 0.09274
 0.88700 0.09276
 0.88750 0.09279
 0.88800 0.09281
 0.88850 0.09283
 0.88900 0.09285
 0.88950 0.09287
 0.89000 0.09290
 0.89050 0.09292
 0.89100 0.09294
 0.89150 0.09296
 0.89200 0.09299
 0.89250 0.09301
 0.89300 0.09303
 0.89350 0.09305
 0.89400 0.09307
 0.89450 0.09310
 0.89500 0.09312
 0.89550 0.09314
 0.89600 0.09316
 0.89650 0.09318
 0.89700 0.09321
 0.89750 0.09323
 0.89800 0.09325
 0.89850 0.09327
 0.89900 0.09329
 0.89950 0.09332
 0.90000 0.09334
 0.90050 0.09336
 0.90100 0.09338
 0.90150 0.09340
 0.90200 0.09343
 0.90250 0.09345
 0.90300 0.09347
 0.90350 0.09349
 0.90400 0.09351
 0.90450 0.09354
 0.90500 0.09356
 0.90550 0.09358
 0.90600 0.09360
 0.90650 0.09362
 0.90700 0.09365
 0.90750 0.09367
 0.90800 0.09369
 0.90850 0.09371
 0.90900 0.09373
 0.90950 0.09375
 0.91000 0.09378
 0.91050 0.09380
 0.91100 0.09382
 0.91150 0.09384
 0.91200 0.09386
 0.91250 0.09389
 0.91300 0.09391
 0.91350 0.09393
 0.91400 0.09395
 0.91450 0.09397
 0.91500 0.09399
 0.91550 0.09402
 0.91600 0.09404
 0.91650 0.09406
 0.91700 0.09408
 0.91750 0.09410
 0.91800 0.09412
 0.91850 0.09415
 0.91900 0.09417
 0.91950 0.09419
 0.92000 0.09421
 0.92050 0.09423
 0.92100 0.09425
 0.92150 0.09427
 0.92200 0.09430
 0.92250 0.09432
 0.92300 0.09434
 0.92350 0.09436
 0.92400 0.09438
 0.92450 0.09440
 0.92500 0.09443
 0.92550 0.09445
 0.92600 0.09447
 0.92650 0.09449
 0.92700 0.09451
 0.92750 0.09453
 0.92800 0.09455
 0.92850 0.09458
 0.92900 0.09460
 0.92950 0.09462
 0.93000 0.09464
 0.93050 0.09466
 0.93100 0.09468
 0.93150 0.09470
 0.93200 0.09472
 0.93250 0.09475
 0.93300 0.09477
 0.93350 0.09479
 0.93400 0.09481
 0.93450 0.09483
 0.93500 0.09485
 0.93550 0.09487
 0.93600 0.09490
 0.93650 0.09492
 0.93700 0.09494
 0.93750 0.09496
 0.93800 0.09498
 0.93850 0.09500
 0.93900 0.09502
 0.93950 0.09504
 0.94000 0.09506
 0.94050 0.09509
 0.94100 0.09511
 0.94150 0.09513
 0.94200 0.09515
 0.94250 0.09517
 0.94300 0.09519
 0.94350 0.09521
 0.94400 0.09523
 0.94450 0.09526
 0.94500 0.09528
 0.94550 0.09530
 0.94600 0.09532
 0.94650 0.09534
 0.94700 0.09536
 0.94750 0.09538
 0.94800 0.09540
 0.94850 0.09542
 0.94900 0.09544
 0.94950 0.09547
 0.95000 0.09549
 0.95050 0.09551
 0.95100 0.09553
 0.95150 0.09555
 0.95200 0.09557
 0.95250 0.09559
 0.95300 0.09561
 0.95350 0.09563
 0.95400 0.09565
 0.95450 0.09567
 0.95500 0.09570
 0.95550 0.09572
 0.95600 0.09574
 0.95650 0.09576
 0.95700 0.09578
 0.95750 0.09580
 0.95800 0.09582
 0.95850 0.09584
 0.95900 0.09586
 0.95950 0.09588
 0.96000 0.09590
 0.96050 0.09592
 0.96100 0.09595
 0.96150 0.09597
 0.96200 0.09599
 0.96250 0.09601
 0.96300 0.09603
 0.96350 0.09605
 0.96400 0.09607
 0.96450 0.09609
 0.96500 0.09611
 0.96550 0.09613
 0.96600 0.09615
 0.96650 0.09617
 0.96700 0.09619
 0.96750 0.09621
 0.96800 0.09623
 0.96850 0.09626
 0.96900 0.09628
 0.96950 0.09630
 0.97000 0.09632
 0.97050 0.09634
 0.97100 0.09636
 0.97150 0.09638
 0.97200 0.09640
 0.97250 0.09642
 0.97300 0.09644
 0.97350 0.09646
 0.97400 0.09648
 0.97450 0.09650
 0.97500 0.09652
 0.97550 0.09654
 0.97600 0.09656
 0.97650 0.09658
 0.97700 0.09660
 0.97750 0.09662
 0.97800 0.09665
 0.97850 0.09667
 0.97900 0.09669
 0.97950 0.09671
 0.98000 0.09673
 0.98050 0.09675
 0.98100 0.09677
 0.98150 0.09679
 0.98200 0.09681
 0.98250 0.09683
 0.98300 0.09685
 0.98350 0.09687
 0.98400 0.09689
 0.98450 0.09691
 0.98500 0.09693
 0.98550 0.09695
 0.98600 0.09697
 0.98650 0.09699
 0.98700 0.09701
 0.98750 0.09703
 0.98800 0.09705
 0.98850 0.09707
 0.98900 0.09709
 0.98950 0.09711
 0.99000 0.09713
 0.99050 0.09715
 0.99100 0.09717
 0.99150 0.09719
 0.99200 0.09721
 0.99250 0.09723
 0.99300 0.09725
 0.99350 0.09727
 0.99400 0.09729
 0.99450 0.09731
 0.99500 0.09733
 0.99550 0.09735
 0.99600 0.09737
 0.99650 0.09739
 0.99700 0.09741
 0.99750 0.09743
 0.99800 0.09745
 0.99850 0.09748
 0.99900 0.09750
 0.99950 0.09752
 1.00000 0.09754
 1.00050 0.09756
