   0.00000000000000       0.749016398939039     
  2.000000000000000E-002  0.749079235763466     
  4.000000000000000E-002  0.749267700557977     
  6.000000000000000E-002  0.749581656137592     
  8.000000000000000E-002  0.750020873348281     
  0.100000000000000       0.750585030305894     
  0.120000000000000       0.751273711336752     
  0.140000000000000       0.752086405623810     
  0.160000000000000       0.753022505575243     
  0.180000000000000       0.754081304918375     
  0.200000000000000       0.755261996537707     
  0.220000000000000       0.756563670070563     
  0.240000000000000       0.757985309278980     
  0.260000000000000       0.759525789218422     
  0.280000000000000       0.761183873226324     
  0.300000000000000       0.762958209758474     
  0.320000000000000       0.764847329096920     
  0.340000000000000       0.766849639969595     
  0.360000000000000       0.768963426108312     
  0.380000000000000       0.771186842788862     
  0.400000000000000       0.773517913390429     
  0.420000000000000       0.775954526023917     
  0.440000000000000       0.778494430271928     
  0.460000000000000       0.781135234090672     
  0.480000000000000       0.783874400934486     
  0.500000000000000       0.786709247148657     
  0.520000000000000       0.789636939701016     
  0.540000000000000       0.792654494301804     
  0.560000000000000       0.795758773985986     
  0.580000000000000       0.798946488212810     
  0.600000000000000       0.802214192552996     
  0.620000000000000       0.805558289028745     
  0.640000000000000       0.808975027165421     
  0.660000000000000       0.812460505825581     
  0.680000000000000       0.816010675879229     
  0.700000000000000       0.819621343771726     
  0.720000000000000       0.823288176036853     
  0.740000000000000       0.827006704806086     
  0.760000000000000       0.830772334348462     
  0.780000000000000       0.834580348681958     
  0.800000000000000       0.838425920262937     
  0.820000000000000       0.842304119779949     
  0.840000000000000       0.846209927045121     
  0.860000000000000       0.850138242965738     
  0.880000000000000       0.854083902580558     
  0.900000000000000       0.858041689108161     
  0.920000000000000       0.862006348958933     
  0.940000000000001       0.865972607636715     
  0.960000000000001       0.869935186444271     
  0.980000000000001       0.873888819890639     
   1.00000000000000       0.877828273687708     
   1.02000000000000       0.881748363198269     
   1.04000000000000       0.885643972206872     
   1.06000000000000       0.889510071848301     
   1.08000000000000       0.893341739536682     
   1.10000000000000       0.897134177735291     
   1.12000000000000       0.900882732375128     
   1.14000000000000       0.904582910766519     
   1.16000000000000       0.908230398821482     
   1.18000000000000       0.911821077411265     
   1.20000000000000       0.915351037709437     
   1.22000000000000       0.918816595351599     
   1.24000000000000       0.922214303278897     
   1.26000000000000       0.925540963134213     
   1.28000000000000       0.928793635100267     
   1.30000000000000       0.931969646091453     
   1.32000000000000       0.935066596217556     
   1.34000000000000       0.938082363486052     
   1.36000000000000       0.941015106694277     
   1.38000000000000       0.943863266530514     
   1.40000000000000       0.946625564873670     
   1.42000000000000       0.949301002353497     
   1.44000000000000       0.951888854220675     
   1.46000000000000       0.954388664598662     
   1.48000000000000       0.956800239229781     
   1.50000000000000       0.959123636809059     
   1.52000000000000       0.961359159041040     
   1.54000000000000       0.963507339549167     
   1.56000000000000       0.965568931785433     
   1.58000000000000       0.967544896076619     
   1.60000000000000       0.969436385976401     
   1.62000000000000       0.971244734056471     
   1.64000000000000       0.972971437298146     
   1.66000000000000       0.974618142225068     
   1.68000000000000       0.976186629922371     
   1.70000000000000       0.977678801062768     
   1.72000000000000       0.979096661082437     
   1.74000000000000       0.980442305601610     
   1.76000000000000       0.981717906205262     
   1.78000000000000       0.982925696670434     
   1.80000000000000       0.984067959725066     
   1.82000000000000       0.985147014398982     
   1.84000000000000       0.986165204031635     
   1.86000000000000       0.987124884978082     
   1.88000000000000       0.988028416048514     
   1.90000000000000       0.988878148704593     
   1.92000000000000       0.989676418031116     
   1.94000000000000       0.990425534479718     
   1.96000000000000       0.991127776394876     
   1.98000000000000       0.991785383296398     
   2.00000000000000       0.992400549918257     
   2.02000000000000       0.992975420974086     
   2.04000000000000       0.993512086619687     
   2.06000000000000       0.994012578588782     
   2.08000000000000       0.994478866969469     
   2.10000000000000       0.994912857572642     
   2.12000000000000       0.995316389880939     
   2.14000000000000       0.995691235501336     
   2.16000000000000       0.996039097127891     
   2.18000000000000       0.996361607933747     
   2.20000000000000       0.996660331379584     
   2.22000000000000       0.996936761390489     
   2.24000000000000       0.997192322864804     
   2.26000000000000       0.997428372483090     
   2.28000000000000       0.997646199773668     
   2.30000000000000       0.997847028414999     
   2.32000000000000       0.998032017726531     
   2.34000000000000       0.998202264340128     
   2.36000000000000       0.998358804003309     
   2.38000000000000       0.998502613506986     
   2.40000000000000       0.998634612695180     
   2.42000000000000       0.998755666561569     
   2.44000000000000       0.998866587379219     
   2.46000000000000       0.998968136879487     
   2.48000000000000       0.999061028438279     
   2.50000000000000       0.999145929268434     
   2.52000000000000       0.999223462604498     
   2.54000000000000       0.999294209860264     
   2.56000000000000       0.999358712761530     
   2.58000000000000       0.999417475433071     
   2.60000000000000       0.999470966441537     
   2.62000000000000       0.999519620782291     
   2.64000000000000       0.999563841814968     
   2.66000000000000       0.999604003122011     
   2.68000000000000       0.999640450315925     
   2.70000000000000       0.999673502767046     
   2.72000000000000       0.999703455269146     
   2.74000000000000       0.999730579622678     
   2.76000000000000       0.999755126160866     
   2.78000000000000       0.999777325189585     
   2.80000000000000       0.999797388362214     
   2.82000000000000       0.999815509984501     
   2.84000000000000       0.999831868248121     
   2.86000000000000       0.999846626394406     
   2.88000000000000       0.999859933813282     
   2.90000000000000       0.999871927080156     
   2.92000000000000       0.999882730924560     
   2.94000000000000       0.999892459144362     
   2.96000000000000       0.999901215459590     
   2.98000000000000       0.999909094309070     
   3.00000000000000       0.999916181594806     
   3.02000000000000       0.999922555382379     
   3.04000000000000       0.999928286538246     
   3.06000000000000       0.999933439339589     
   3.08000000000000       0.999938072025939     
   3.10000000000000       0.999942237315712     
   3.12000000000000       0.999945982889159     
   3.14000000000000       0.999949351824226     
   3.16000000000000       0.999952383008292     
   3.18000000000000       0.999955111510471     
   3.20000000000000       0.999957568929817     
   3.22000000000000       0.999959783712272     
   3.24000000000000       0.999961781443221     
   3.26000000000000       0.999963585112468     
   3.28000000000000       0.999965215361648     
   3.30000000000000       0.999966690707400     
   3.32000000000000       0.999968027745985     
   3.34000000000000       0.999969241340803     
   3.36000000000000       0.999970344790024     
   3.38000000000000       0.999971349983093     
   3.40000000000000       0.999972267543997     
   3.42000000000000       0.999973106954120     
   3.44000000000000       0.999973876671511     
   3.46000000000000       0.999974584235108     
   3.48000000000000       0.999975236360639     
   3.50000000000000       0.999975839023235     
   3.52000000000000       0.999976397540020     
   3.54000000000000       0.999976916636778     
   3.56000000000000       0.999977400511849     
   3.58000000000000       0.999977852893715     
   3.60000000000000       0.999978277088706     
   3.62000000000000       0.999978676031813     
   3.64000000000000       0.999979052324475     
   3.66000000000000       0.999979408272259     
   3.68000000000000       0.999979745917846     
   3.70000000000000       0.999980067070532     
   3.72000000000000       0.999980373332586     
   3.74000000000000       0.999980666121948     
   3.76000000000000       0.999980946696526     
   3.78000000000000       0.999981216167068     
   3.80000000000000       0.999981475520430     
   3.82000000000000       0.999981725628553     
   3.84000000000000       0.999981967264075     
   3.86000000000000       0.999982201114481     
   3.88000000000000       0.999982548556531     
   3.90000000000000       0.999982751484865     
   3.92000000000000       0.999982950567995     
   3.94000000000000       0.999983145973913     
   3.96000000000000       0.999983337817036     
   3.98000000000000       0.999983526199042     
   4.00000000000000       0.999983711211604     
   4.02000000000000       0.999983892944401     
   4.04000000000000       0.999984071482141     
   4.06000000000000       0.999984246904819     
   4.08000000000000       0.999984419290403     
   4.10000000000000       0.999984588715010     
   4.12000000000000       0.999984755249724     
   4.14000000000000       0.999984918964886     
   4.16000000000000       0.999985079928546     
   4.18000000000000       0.999985238204910     
   4.20000000000000       0.999985393858596     
   4.22000000000000       0.999985546948907     
   4.24000000000000       0.999985697536567     
   4.26000000000000       0.999985845677982     
   4.28000000000000       0.999985991429470     
   4.30000000000000       0.999986134844014     
   4.32000000000000       0.999986275974644     
   4.34000000000000       0.999986414872013     
   4.35999999999999       0.999986551585288     
   4.37999999999999       0.999986686162206     
   4.39999999999999       0.999986818648295     
   4.41999999999999       0.999986949090250     
   4.43999999999999       0.999987077531830     
   4.45999999999999       0.999987204013902     
   4.47999999999999       0.999987328578640     
   4.49999999999999       0.999987451267072     
   4.51999999999999       0.999987572117466     
   4.53999999999999       0.999987691168682     
   4.55999999999999       0.999987808456895     
   4.57999999999999       0.999987924018116     
   4.59999999999999       0.999988037888229     
   4.61999999999999       0.999988150100528     
   4.63999999999999       0.999988260689076     
   4.65999999999999       0.999988369685406     
   4.67999999999999       0.999988477121875     
   4.69999999999999       0.999988583028370     
   4.71999999999999       0.999988687435653     
   4.73999999999999       0.999988790372068     
   4.75999999999999       0.999988891866882     
   4.77999999999999       0.999988991947823     
   4.79999999999999       0.999989090641927     
   4.81999999999999       0.999989187973902     
   4.83999999999998       0.999989283971961     
   4.85999999999998       0.999989378659536     
   4.87999999999998       0.999989472061943     
   4.89999999999998       0.999989564203076     
   4.91999999999998       0.999989655105428     
   4.93999999999998       0.999989744792596     
   4.95999999999998       0.999989833286807     
   4.97999999999998       0.999989920608935     
   4.99999999999998       0.999990006781008     
   5.01999999999998       0.999990091823729     
   5.03999999999998       0.999990175757322     
   5.05999999999998       0.999990258600716     
   5.07999999999998       0.999990340374049     
   5.09999999999998       0.999990421096190     
   5.11999999999998       0.999990500785579     
   5.13999999999998       0.999990579459412     
   5.15999999999998       0.999990657136143     
   5.17999999999998       0.999990733833003     
   5.19999999999998       0.999990809566840     
   5.21999999999998       0.999990884353303     
   5.23999999999998       0.999990958210169     
   5.25999999999998       0.999991031151544     
   5.27999999999998       0.999991103193683     
   5.29999999999997       0.999991174351678     
   5.31999999999997       0.999991244640295     
   5.33999999999997       0.999991314073157     
   5.35999999999997       0.999991382666071     
   5.37999999999997       0.999991450430391     
   5.39999999999997       0.999991517382165     
   5.41999999999997       0.999991583533832     
   5.43999999999997       0.999991648898389     
   5.45999999999997       0.999991713487731     
   5.47999999999997       0.999991777315982     
   5.49999999999997       0.999991840393689     
   5.51999999999997       0.999991902733640     
   5.53999999999997       0.999991964347550     
   5.55999999999997       0.999992025246067     
   5.57999999999997       0.999992085442099     
   5.59999999999997       0.999992144945835     
   5.61999999999997       0.999992203767247     
   5.63999999999997       0.999992261917753     
   5.65999999999997       0.999992319407728     
   5.67999999999997       0.999992376247347     
   5.69999999999997       0.999992432446583     
   5.71999999999997       0.999992488014385     
   5.73999999999997       0.999992542962001     
   5.75999999999997       0.999992597297177     
   5.77999999999996       0.999992651029963     
   5.79999999999996       0.999992704170237     
   5.81999999999996       0.999992756725211     
   5.83999999999996       0.999992808704420     
   5.85999999999996       0.999992860116403     
   5.87999999999996       0.999992910969540     
   5.89999999999996       0.999992961271221     
   5.91999999999996       0.999993011031177     
   5.93999999999996       0.999993060255663     
   5.95999999999996       0.999993108953283     
   5.97999999999996       0.999993157132493     
   5.99999999999996       0.999993204799121     
   6.01999999999996       0.999993251961349     
   6.03999999999996       0.999993298626393     
   6.05999999999996       0.999993344801339     
   6.07999999999996       0.999993390493144     
   6.09999999999996       0.999993435707812     
   6.11999999999996       0.999993480453712     
   6.13999999999996       0.999993524735775     
   6.15999999999996       0.999993568562133     
   6.17999999999996       0.999993611937484     
   6.19999999999996       0.999993654868906     
   6.21999999999996       0.999993697362533     
   6.23999999999995       0.999993739425226     
   6.25999999999995       0.999993781061246     
   6.27999999999995       0.999993822277247     
   6.29999999999995       0.999993863078116     
   6.31999999999995       0.999993903471135     
   6.33999999999995       0.999993943461000     
   6.35999999999995       0.999993983052311     
   6.37999999999995       0.999994022252064     
   6.39999999999995       0.999994061063848     
   6.41999999999995       0.999994099494480     
   6.43999999999995       0.999994137547372     
   6.45999999999995       0.999994175228339     
   6.47999999999995       0.999994212542285     
   6.49999999999995       0.999994249494860     
   6.51999999999995       0.999994286089145     
   6.53999999999995       0.999994322329802     
   6.55999999999995       0.999994358223907     
   6.57999999999995       0.999994393773480     
   6.59999999999995       0.999994428982957     
   6.61999999999995       0.999994463858363     
   6.63999999999995       0.999994498403159     
   6.65999999999995       0.999994532620739     
   6.67999999999995       0.999994566516919     
   6.69999999999995       0.999994600094126     
   6.71999999999994       0.999994633357215     
   6.73999999999994       0.999994666310972     
   6.75999999999994       0.999994698957635     
   6.77999999999994       0.999994731301866     
   6.79999999999994       0.999994763347438     
   6.81999999999994       0.999994795098896     
   6.83999999999994       0.999994826557405     
   6.85999999999994       0.999994857729883     
   6.87999999999994       0.999994888616551     
   6.89999999999994       0.999994919223387     
   6.91999999999994       0.999994949552995     
   6.93999999999994       0.999994979608753     
   6.95999999999994       0.999995009393991     
   6.97999999999994       0.999995038911154     
   6.99999999999994       0.999995068165130     
   7.01999999999994       0.999995097157437     
   7.03999999999994       0.999995125892863     
   7.05999999999994       0.999995154372831     
   7.07999999999994       0.999995182602037     
   7.09999999999994       0.999995210581809     
   7.11999999999994       0.999995238315925     
   7.13999999999994       0.999995265807284     
   7.15999999999994       0.999995293059575     
   7.17999999999993       0.999995320073952     
   7.19999999999993       0.999995346854020     
   7.21999999999993       0.999995373402512     
   7.23999999999993       0.999995399722120     
   7.25999999999993       0.999995425815497     
   7.27999999999993       0.999995451685259     
   7.29999999999993       0.999995477333981     
   7.31999999999993       0.999995502763372     
   7.33999999999993       0.999995527977594     
   7.35999999999993       0.999995552978284     
   7.37999999999993       0.999995577767873     
   7.39999999999993       0.999995602348755     
   7.41999999999993       0.999995626722462     
   7.43999999999993       0.999995650892983     
   7.45999999999993       0.999995674860951     
   7.47999999999993       0.999995698629459     
   7.49999999999993       0.999995722201568     
   7.51999999999993       0.999995745577816     
   7.53999999999993       0.999995768762031     
   7.55999999999993       0.999995791754691     
   7.57999999999993       0.999995814558733     
   7.59999999999993       0.999995837176237     
   7.61999999999993       0.999995859610081     
   7.63999999999993       0.999995881860626     
   7.65999999999992       0.999995903930697     
   7.67999999999992       0.999995925822259     
   7.69999999999992       0.999995947537250     
   7.71999999999992       0.999995969077585     
   7.73999999999992       0.999995990445148     
   7.75999999999992       0.999996011641801     
   7.77999999999992       0.999996032669379     
   7.79999999999992       0.999996053529692     
   7.81999999999992       0.999996074224528     
   7.83999999999992       0.999996094754818     
   7.85999999999992       0.999996115123962     
   7.87999999999992       0.999996135332844     
   7.89999999999992       0.999996155382326     
   7.91999999999992       0.999996175275740     
   7.93999999999992       0.999996195013903     
   7.95999999999992       0.999996214597612     
   7.97999999999992       0.999996234030130     
   7.99999999999992       0.999996253311382     
   8.01999999999992       0.999996272444590     
   8.03999999999992       0.999996291429637     
   8.05999999999992       0.999996310268876     
   8.07999999999992       0.999996328964639     
   8.09999999999992       0.999996347516748     
   8.11999999999992       0.999996365927498     
   8.13999999999992       0.999996384199165     
   8.15999999999991       0.999996402331514     
   8.17999999999991       0.999996420326783     
   8.19999999999991       0.999996438186364     
   8.21999999999991       0.999996455911627     
   8.23999999999991       0.999996473503930     
   8.25999999999991       0.999996490965438     
   8.27999999999991       0.999996508295813     
   8.29999999999991       0.999996525496359     
   8.31999999999991       0.999996542570855     
   8.33999999999991       0.999996559517251     
   8.35999999999991       0.999996576339293     
   8.37999999999991       0.999996593037392     
   8.39999999999991       0.999996609612772     
   8.41999999999991       0.999996626066643     
   8.43999999999991       0.999996642400199     
   8.45999999999991       0.999996658614619     
   8.47999999999991       0.999996674710239     
   8.49999999999991       0.999996690689869     
   8.51999999999991       0.999996706553817     
   8.53999999999991       0.999996722303204     
   8.55999999999991       0.999996737938311     
   8.57999999999991       0.999996753461063     
   8.59999999999991       0.999996768873371     
   8.61999999999991       0.999996784175476     
   8.63999999999990       0.999996799367604     
   8.65999999999990       0.999996814452457     
   8.67999999999990       0.999996829429408     
   8.69999999999990       0.999996844301135     
   8.71999999999990       0.999996859066985     
   8.73999999999990       0.999996873729611     
   8.75999999999990       0.999996888288337     
   8.77999999999990       0.999996902744964     
   8.79999999999990       0.999996917101281     
   8.81999999999990       0.999996931356576     
   8.83999999999990       0.999996945512617     
   8.85999999999990       0.999996959570329     
   8.87999999999990       0.999996973530629     
   8.89999999999990       0.999996987394419     
   8.91999999999990       0.999997001163425     
   8.93999999999990       0.999997014836870     
   8.95999999999990       0.999997028416456     
   8.97999999999990       0.999997041903048     
   8.99999999999990       0.999997055297498     
   9.01999999999990       0.999997068600650     
   9.03999999999990       0.999997081813338     
   9.05999999999990       0.999997094936385     
   9.07999999999990       0.999997107970607     
   9.09999999999989       0.999997120916808     
   9.11999999999989       0.999997133775786     
   9.13999999999989       0.999997146548326     
   9.15999999999989       0.999997159235209     
   9.17999999999989       0.999997171836372     
   9.19999999999989       0.999997184355067     
   9.21999999999989       0.999997196788725     
   9.23999999999989       0.999997209140582     
   9.25999999999989       0.999997221410542     
   9.27999999999989       0.999997233598503     
   9.29999999999989       0.999997245706843     
   9.31999999999989       0.999997257735444     
   9.33999999999989       0.999997269684179     
   9.35999999999989       0.999997281555404     
   9.37999999999989       0.999997293348976     
   9.39999999999989       0.999997305064746     
   9.41999999999989       0.999997316705046     
   9.43999999999989       0.999997328269712     
   9.45999999999989       0.999997339758571     
   9.47999999999989       0.999997351173935     
   9.49999999999989       0.999997362514788     
   9.51999999999989       0.999997373783426     
   9.53999999999989       0.999997384978819     
   9.55999999999989       0.999997396103250     
   9.57999999999988       0.999997407155676     
   9.59999999999988       0.999997418137536     
   9.61999999999988       0.999997429049433     
   9.63999999999988       0.999997439892795     
   9.65999999999988       0.999997450666551     
   9.67999999999988       0.999997461372116     
   9.69999999999988       0.999997472010897     
   9.71999999999988       0.999997482581805     
   9.73999999999988       0.999997493086237     
   9.75999999999988       0.999997503525583     
   9.77999999999988       0.999997513898735     
   9.79999999999988       0.999997524207071     
   9.81999999999988       0.999997534451134     
   9.83999999999988       0.999997544631461     
   9.85999999999988       0.999997554748581     
   9.87999999999988       0.999997564803850     
   9.89999999999988       0.999997574796128     
   9.91999999999988       0.999997584726759     
   9.93999999999988       0.999997594596252     
   9.95999999999988       0.999997604405112     
   9.97999999999988       0.999997614153836     
   9.99999999999988       0.999997623842918     
   10.0199999999999       0.999997633472846     
   10.0399999999999       0.999997643044104     
   10.0599999999999       0.999997652557169     
   10.0799999999999       0.999997662012516     
   10.0999999999999       0.999997671410613     
   10.1199999999999       0.999997680751924     
   10.1399999999999       0.999997690036078     
   10.1599999999999       0.999997699265190     
   10.1799999999999       0.999997708438879     
   10.1999999999999       0.999997717557591     
   10.2199999999999       0.999997726621766     
   10.2399999999999       0.999997735631841     
   10.2599999999999       0.999997744587419     
   10.2799999999999       0.999997753490586     
   10.2999999999999       0.999997762340937     
   10.3199999999999       0.999997771138061     
   10.3399999999999       0.999997779884031     
   10.3599999999999       0.999997788578431     
   10.3799999999999       0.999997797221666     
   10.3999999999999       0.999997805813309     
   10.4199999999999       0.999997814355419     
   10.4399999999999       0.999997822847562     
   10.4599999999999       0.999997831289297     
   10.4799999999999       0.999997839682672     
   10.4999999999999       0.999997848026412     
   10.5199999999999       0.999997856322554     
   10.5399999999999       0.999997864569817     
   10.5599999999999       0.999997872770230     
   10.5799999999999       0.999997880922505     
   10.5999999999999       0.999997889028664     
   10.6199999999999       0.999997897087411     
   10.6399999999999       0.999997905100763     
   10.6599999999999       0.999997913067415     
   10.6799999999999       0.999997920989378     
   10.6999999999999       0.999997928866170     
   10.7199999999999       0.999997936697305     
   10.7399999999999       0.999997944483955     
   10.7599999999999       0.999997952226458     
   10.7799999999999       0.999997959925978     
   10.7999999999999       0.999997967581187     
   10.8199999999999       0.999997975193244     
   10.8399999999999       0.999997982763304     
   10.8599999999999       0.999997990290029     
   10.8799999999999       0.999997997775398     
   10.8999999999999       0.999998005218067     
   10.9199999999999       0.999998012619181     
   10.9399999999999       0.999998019979048     
   10.9599999999999       0.999998027297977     
   10.9799999999999       0.999998034577102     
   10.9999999999999       0.999998041815065     
   11.0199999999999       0.999998049012994     
   11.0399999999999       0.999998056171186     
   11.0599999999999       0.999998063289934     
   11.0799999999999       0.999998070370358     
   11.0999999999999       0.999998077410258     
   11.1199999999999       0.999998084413237     
   11.1399999999999       0.999998091377089     
   11.1599999999999       0.999998098302924     
   11.1799999999999       0.999998105191019     
   11.1999999999999       0.999998112041649     
   11.2199999999998       0.999998118855088     
   11.2399999999998       0.999998125631604     
   11.2599999999998       0.999998132371465     
   11.2799999999998       0.999998139074937     
   11.2999999999998       0.999998145742282     
   11.3199999999998       0.999998152373760     
   11.3399999999998       0.999998158969630     
   11.3599999999998       0.999998165530147     
   11.3799999999998       0.999998172055564     
   11.3999999999998       0.999998178546133     
   11.4199999999998       0.999998185002102     
   11.4399999999998       0.999998191422888     
   11.4599999999998       0.999998197810396     
   11.4799999999998       0.999998204164037     
   11.4999999999998       0.999998210484051     
   11.5199999999998       0.999998216770678     
   11.5399999999998       0.999998223024152     
   11.5599999999998       0.999998229244707     
   11.5799999999998       0.999998235432575     
   11.5999999999998       0.999998241587155     
   11.6199999999998       0.999998247710336     
   11.6399999999998       0.999998253801513     
   11.6599999999998       0.999998259860078     
   11.6799999999998       0.999998265887915     
   11.6999999999998       0.999998271884412     
   11.7199999999998       0.999998277849789     
   11.7399999999998       0.999998283783429     
   11.7599999999998       0.999998289687209     
   11.7799999999998       0.999998295560509     
   11.7999999999998       0.999998301402710     
   11.8199999999998       0.999998307215682     
   11.8399999999998       0.999998312998799     
   11.8599999999998       0.999998318751438     
   11.8799999999998       0.999998324475462     
   11.8999999999998       0.999998330170241     
   11.9199999999998       0.999998335835147     
   11.9399999999998       0.999998341472036     
   11.9599999999998       0.999998347079445     
   11.9799999999998       0.999998352659229     
