   0.00000000000000       4.243928178968435E-002
  2.000000000000000E-002  4.244760587246237E-002
  4.000000000000000E-002  4.247258772426783E-002
  6.000000000000000E-002  4.251425617383609E-002
  8.000000000000000E-002  4.257265932781298E-002
  0.100000000000000       4.264786465957449E-002
  0.120000000000000       4.273995913376138E-002
  0.140000000000000       4.284904936641884E-002
  0.160000000000000       4.297526182215710E-002
  0.180000000000000       4.311874304769787E-002
  0.200000000000000       4.327965994306510E-002
  0.220000000000000       4.345820007076108E-002
  0.240000000000000       4.365457200371313E-002
  0.260000000000000       4.386900571278668E-002
  0.280000000000000       4.410175299472176E-002
  0.300000000000000       4.435308794175699E-002
  0.320000000000000       4.462330745328895E-002
  0.340000000000000       4.491273179191718E-002
  0.360000000000000       4.522170518398510E-002
  0.380000000000000       4.555059646680285E-002
  0.400000000000000       4.589979978345386E-002
  0.420000000000000       4.626973532754327E-002
  0.440000000000000       4.666085013888899E-002
  0.460000000000000       4.707361895188755E-002
  0.480000000000000       4.750854509958382E-002
  0.500000000000000       4.796616147384039E-002
  0.520000000000000       4.844703154558943E-002
  0.540000000000000       4.895175044561893E-002
  0.560000000000000       4.948094611013164E-002
  0.580000000000000       5.003528049209923E-002
  0.600000000000000       5.061545084197714E-002
  0.620000000000000       5.122219106066386E-002
  0.640000000000000       5.185627312668354E-002
  0.660000000000000       5.251850860208912E-002
  0.680000000000000       5.320975021917931E-002
  0.700000000000000       5.393089355227030E-002
  0.720000000000000       5.468287877714822E-002
  0.740000000000000       5.546669252275815E-002
  0.760000000000000       5.628336981790030E-002
  0.780000000000000       5.713399613891575E-002
  0.800000000000000       5.801970955915586E-002
  0.820000000000000       5.894170300761678E-002
  0.840000000000000       5.990122663976539E-002
  0.860000000000000       6.089959032386822E-002
  0.880000000000000       6.193816625008122E-002
  0.900000000000000       6.301839166409691E-002
  0.920000000000000       6.414177173187367E-002
  0.940000000000001       6.530988253950526E-002
  0.960000000000001       6.652437423312897E-002
  0.980000000000001       6.778697430345348E-002
   1.00000000000000       6.909949102065882E-002
   1.02000000000000       7.046381702160195E-002
   1.04000000000000       7.188193305810078E-002
   1.06000000000000       7.335591190652285E-002
   1.08000000000000       7.488792244402387E-002
   1.10000000000000       7.648023389868704E-002
   1.12000000000000       7.813522026942429E-002
   1.14000000000000       7.985536492582097E-002
   1.16000000000000       8.164326538712054E-002
   1.18000000000000       8.350163827886843E-002
   1.20000000000000       8.543332447440462E-002
   1.22000000000000       8.744129441352513E-002
   1.24000000000000       8.952865360086781E-002
   1.26000000000000       9.169864827883403E-002
   1.28000000000000       9.395467126957918E-002
   1.30000000000000       9.630026798135004E-002
   1.32000000000000       9.873914256205465E-002
   1.34000000000000       0.101275164199455     
   1.36000000000000       0.103912373536287     
   1.38000000000000       0.106654989200298     
   1.40000000000000       0.109507414401977     
   1.42000000000000       0.112474243590946     
   1.44000000000000       0.115560269128817     
   1.46000000000000       0.118770487928714     
   1.48000000000000       0.122110108032215     
   1.50000000000000       0.125584555046415     
   1.52000000000000       0.129199478387539     
   1.54000000000000       0.132960757247364     
   1.56000000000000       0.136874506201374     
   1.58000000000000       0.140947080333952     
   1.60000000000000       0.145185079794421     
   1.62000000000000       0.149595353613308     
   1.64000000000000       0.154185002643773     
   1.66000000000000       0.158961381438728     
   1.68000000000000       0.163932098874809     
   1.70000000000000       0.169105017255419     
   1.72000000000000       0.174488249687990     
   1.74000000000000       0.180090155380925     
   1.76000000000000       0.185919332564004     
   1.78000000000000       0.191984608639046     
   1.80000000000000       0.198295027162797     
   1.82000000000000       0.204859831155206     
   1.84000000000000       0.211688442248237     
   1.86000000000000       0.218790435079971     
   1.88000000000000       0.226175506300991     
   1.90000000000000       0.233853437487206     
   1.92000000000000       0.241834051234995     
   1.94000000000000       0.250127159536476     
   1.96000000000000       0.258742503674144     
   1.98000000000000       0.267689684529917     
   2.00000000000000       0.276978082496224     
   2.02000000000000       0.286616765905469     
   2.04000000000000       0.296614386885162     
   2.06000000000000       0.306979063714977     
   2.08000000000000       0.317718248777779     
   2.10000000000000       0.328838580956257     
   2.12000000000000       0.340345722372825     
   2.14000000000000       0.352244178071075     
   2.16000000000000       0.364537099696313     
   2.18000000000000       0.377226072344797     
   2.20000000000000       0.390310886164814     
   2.22000000000000       0.403789294008222     
   2.24000000000000       0.417656757559307     
   2.26000000000000       0.431906185623322     
   2.28000000000000       0.446527668734685     
   2.30000000000000       0.461508216831145     
   2.32000000000000       0.476831506334661     
   2.34000000000000       0.492477647106684     
   2.36000000000000       0.508422978215870     
   2.38000000000000       0.524639905885149     
   2.40000000000000       0.541096794792134     
   2.42000000000000       0.557757929352581     
   2.44000000000000       0.574583554876874     
   2.46000000000000       0.591530015846686     
   2.48000000000000       0.608549999456269     
   2.50000000000000       0.625592894707112     
   2.52000000000000       0.642605271858784     
   2.54000000000000       0.659531480036699     
   2.56000000000000       0.676314359005868     
   2.58000000000000       0.692896049193713     
   2.60000000000000       0.709218881877162     
   2.62000000000000       0.725226321523372     
   2.64000000000000       0.740863931553782     
   2.66000000000000       0.756080320682817     
   2.68000000000000       0.770828042147285     
   2.70000000000000       0.785064400692106     
   2.72000000000000       0.798752141431033     
   2.74000000000000       0.811859985616026     
   2.76000000000000       0.824363005578490     
   2.78000000000000       0.836242815517655     
   2.80000000000000       0.847487586860817     
   2.82000000000000       0.858091894438520     
   2.84000000000000       0.868056408582850     
   2.86000000000000       0.877387455690796     
   2.88000000000000       0.886096476299506     
   2.90000000000000       0.894199410703944     
   2.92000000000000       0.901716035855285     
   2.94000000000000       0.908669288678238     
   2.96000000000000       0.915084594927433     
   2.98000000000000       0.920989224381828     
   3.00000000000000       0.926411690229855     
   3.02000000000000       0.931381208939403     
   3.04000000000000       0.935927211338173     
   3.06000000000000       0.940078934053194     
   3.08000000000000       0.943865065992993     
   3.10000000000000       0.947313463782924     
   3.12000000000000       0.950450931943201     
   3.14000000000000       0.953303049396474     
   3.16000000000000       0.955894053413870     
   3.18000000000000       0.958246760125297     
   3.20000000000000       0.960382526422432     
   3.22000000000000       0.962321239412670     
   3.24000000000000       0.964081332006417     
   3.26000000000000       0.965679815137431     
   3.28000000000000       0.967132329373821     
   3.30000000000000       0.968453204692916     
   3.32000000000000       0.969655528691882     
   3.34000000000000       0.970751220453936     
   3.36000000000000       0.971751104016626     
   3.38000000000000       0.972664986318072     
   3.40000000000000       0.973501735220972     
   3.42000000000000       0.974269348887221     
   3.44000000000000       0.974975030023842     
   3.46000000000000       0.975625253082680     
   3.48000000000000       0.976225829301739     
   3.50000000000000       0.976781964001342     
   3.52000000000000       0.977298317492576     
   3.54000000000000       0.977779054287374     
   3.56000000000000       0.978227892133255     
   3.58000000000000       0.978648147184043     
   3.60000000000000       0.979042771583069     
   3.62000000000000       0.979414395234313     
   3.64000000000000       0.979765356519146     
   3.66000000000000       0.980097733758936     
   3.68000000000000       0.980413372997390     
   3.70000000000000       0.980713913098177     
   3.72000000000000       0.981000808371204     
   3.74000000000000       0.981275348141895     
   3.76000000000000       0.981538678140724     
   3.78000000000000       0.981791811429735     
   3.80000000000000       0.982035649290415     
   3.82000000000000       0.982270988867084     
   3.84000000000000       0.982498537179798     
   3.86000000000000       0.982718923888233     
   3.88000000000000       0.983046670924496     
   3.90000000000000       0.983238267020436     
   3.92000000000000       0.983426355284435     
   3.94000000000000       0.983611087676350     
   3.96000000000000       0.983792565975199     
   3.98000000000000       0.983970880274842     
   4.00000000000000       0.984146111524795     
   4.02000000000000       0.984318339088076     
   4.04000000000000       0.984487637904949     
   4.06000000000000       0.984654078712350     
   4.08000000000000       0.984817730579875     
   4.10000000000000       0.984978661058644     
   4.12000000000000       0.985136933152900     
   4.14000000000000       0.985292609373577     
   4.16000000000000       0.985445750262453     
   4.18000000000000       0.985596412903851     
   4.20000000000000       0.985744654957742     
   4.22000000000000       0.985890529206440     
   4.24000000000000       0.986034089951526     
   4.26000000000000       0.986175387545694     
   4.28000000000000       0.986314472413032     
   4.30000000000000       0.986451391941181     
   4.32000000000000       0.986586193707563     
   4.34000000000000       0.986718923154935     
   4.35999999999999       0.986849624435446     
   4.37999999999999       0.986978340457863     
   4.39999999999999       0.987105112138976     
   4.41999999999999       0.987229981624608     
   4.43999999999999       0.987352988360456     
   4.45999999999999       0.987474169127653     
   4.47999999999999       0.987593562056273     
   4.49999999999999       0.987711204278517     
   4.51999999999999       0.987827130368864     
   4.53999999999999       0.987941375561285     
   4.55999999999999       0.988053972595588     
   4.57999999999999       0.988164954135783     
   4.59999999999999       0.988274352801679     
   4.61999999999999       0.988382198802208     
   4.63999999999999       0.988488523153745     
   4.65999999999999       0.988593354512697     
   4.67999999999999       0.988696722392916     
   4.69999999999999       0.988798653995892     
   4.71999999999999       0.988899177426811     
   4.73999999999999       0.988998318521566     
   4.75999999999999       0.989096104063066     
   4.77999999999999       0.989192559404482     
   4.79999999999999       0.989287709286758     
   4.81999999999999       0.989381576256234     
   4.83999999999998       0.989474186286238     
   4.85999999999998       0.989565560788445     
   4.87999999999998       0.989655723034741     
   4.89999999999998       0.989744694970597     
   4.91999999999998       0.989832497228175     
   4.93999999999998       0.989919151547466     
   4.95999999999998       0.990004678384842     
   4.97999999999998       0.990089096926085     
   4.99999999999998       0.990172427507232     
   5.01999999999998       0.990254689220277     
   5.03999999999998       0.990335900727445     
   5.05999999999998       0.990416079469858     
   5.07999999999998       0.990495244089516     
   5.09999999999998       0.990573412030502     
   5.11999999999998       0.990650600352592     
   5.13999999999998       0.990726824937650     
   5.15999999999998       0.990802102912777     
   5.17999999999998       0.990876450246918     
   5.19999999999998       0.990949882564924     
   5.21999999999998       0.991022414351637     
   5.23999999999998       0.991094062180298     
   5.25999999999998       0.991164839086359     
   5.27999999999998       0.991234760211503     
   5.29999999999997       0.991303839590688     
   5.31999999999997       0.991372090965680     
   5.33999999999997       0.991439526985044     
   5.35999999999997       0.991506162438737     
   5.37999999999997       0.991572007811976     
   5.39999999999997       0.991637078164900     
   5.41999999999997       0.991701385073368     
   5.43999999999997       0.991764940668366     
   5.45999999999997       0.991827756027520     
   5.47999999999997       0.991889844412045     
   5.49999999999997       0.991951215619743     
   5.51999999999997       0.992011881643050     
   5.53999999999997       0.992071853445492     
   5.55999999999997       0.992131140964867     
   5.57999999999997       0.992189756352976     
   5.59999999999997       0.992247709130335     
   5.61999999999997       0.992305008615579     
   5.63999999999997       0.992361665547695     
   5.65999999999997       0.992417689666018     
   5.67999999999997       0.992473090521744     
   5.69999999999997       0.992527877483090     
   5.71999999999997       0.992582058930647     
   5.73999999999997       0.992635645498389     
   5.75999999999997       0.992688644412090     
   5.77999999999996       0.992741065159333     
   5.79999999999996       0.992792917065373     
   5.81999999999996       0.992844206867151     
   5.83999999999996       0.992894943575393     
   5.85999999999996       0.992945135239417     
   5.87999999999996       0.992994789759713     
   5.89999999999996       0.993043914081487     
   5.91999999999996       0.993092517440078     
   5.93999999999996       0.993140605688644     
   5.95999999999996       0.993188186977816     
   5.97999999999996       0.993235269325543     
   5.99999999999996       0.993281858186736     
   6.01999999999996       0.993327961323013     
   6.03999999999996       0.993373585560674     
   6.05999999999996       0.993418737604511     
   6.07999999999996       0.993463424040777     
   6.09999999999996       0.993507650527118     
   6.11999999999996       0.993551425044138     
   6.13999999999996       0.993594752212259     
   6.15999999999996       0.993637639792233     
   6.17999999999996       0.993680092188511     
   6.19999999999996       0.993722116138800     
   6.21999999999996       0.993763717465926     
   6.23999999999995       0.993804902705643     
   6.25999999999995       0.993845675857306     
   6.27999999999995       0.993886043262856     
   6.29999999999995       0.993926009544234     
   6.31999999999995       0.993965581670988     
   6.33999999999995       0.994004764083234     
   6.35999999999995       0.994043561132504     
   6.37999999999995       0.994081979523984     
   6.39999999999995       0.994120022624383     
   6.41999999999995       0.994157696971948     
   6.43999999999995       0.994195005768646     
   6.45999999999995       0.994231954578202     
   6.47999999999995       0.994268548072341     
   6.49999999999995       0.994304791660559     
   6.51999999999995       0.994340688234848     
   6.53999999999995       0.994376242241892     
   6.55999999999995       0.994411460499516     
   6.57999999999995       0.994446344868598     
   6.59999999999995       0.994480899583756     
   6.61999999999995       0.994515130441241     
   6.63999999999995       0.994549040726878     
   6.65999999999995       0.994582633660693     
   6.67999999999995       0.994615914843594     
   6.69999999999995       0.994648886553615     
   6.71999999999994       0.994681553452670     
   6.73999999999994       0.994713920142048     
   6.75999999999994       0.994745988718199     
   6.77999999999994       0.994777763664960     
   6.79999999999994       0.994809248594265     
   6.81999999999994       0.994840447877483     
   6.83999999999994       0.994871362568166     
   6.85999999999994       0.994901999376365     
   6.87999999999994       0.994932358432614     
   6.89999999999994       0.994962445526743     
   6.91999999999994       0.994992263133959     
   6.93999999999994       0.995021814495389     
   6.95999999999994       0.995051102803293     
   6.97999999999994       0.995080130384649     
   6.99999999999994       0.995108901968994     
   7.01999999999994       0.995137418973493     
   7.03999999999994       0.995165686035523     
   7.05999999999994       0.995193704481826     
   7.07999999999994       0.995221478861343     
   7.09999999999994       0.995249010412749     
   7.11999999999994       0.995276302783377     
   7.13999999999994       0.995303358761468     
   7.15999999999994       0.995330181911659     
   7.17999999999993       0.995356773306831     
   7.19999999999993       0.995383136432469     
   7.21999999999993       0.995409273917484     
   7.23999999999993       0.995435188352734     
   7.25999999999993       0.995460882291616     
   7.27999999999993       0.995486358251345     
   7.29999999999993       0.995511618712311     
   7.31999999999993       0.995536665302003     
   7.33999999999993       0.995561502065813     
   7.35999999999993       0.995586130562178     
   7.37999999999993       0.995610553133416     
   7.39999999999993       0.995634772088613     
   7.41999999999993       0.995658788886002     
   7.43999999999993       0.995682607406576     
   7.45999999999993       0.995706228226776     
   7.47999999999993       0.995729654347246     
   7.49999999999993       0.995752888737630     
   7.51999999999993       0.995775931883389     
   7.53999999999993       0.995798787513745     
   7.55999999999993       0.995821456055157     
   7.57999999999993       0.995843940361250     
   7.59999999999993       0.995866242439302     
   7.61999999999993       0.995888365087586     
   7.63999999999993       0.995910308621305     
   7.65999999999992       0.995932075785281     
   7.67999999999992       0.995953668479418     
   7.69999999999992       0.995975088577902     
   7.71999999999992       0.995996337929622     
   7.73999999999992       0.996017418358583     
   7.75999999999992       0.996038331664309     
   7.77999999999992       0.996059079622237     
   7.79999999999992       0.996079663984113     
   7.81999999999992       0.996100086478368     
   7.83999999999992       0.996120347991129     
   7.85999999999992       0.996140451843970     
   7.87999999999992       0.996160398878207     
   7.89999999999992       0.996180189913118     
   7.91999999999992       0.996199828205087     
   7.93999999999992       0.996219314530947     
   7.95999999999992       0.996238649646244     
   7.97999999999992       0.996257836744939     
   7.99999999999992       0.996276875722169     
   8.01999999999992       0.996295769732542     
   8.03999999999992       0.996314518631347     
   8.05999999999992       0.996333124714531     
   8.07999999999992       0.996351590258799     
   8.09999999999992       0.996369915062602     
   8.11999999999992       0.996388101366002     
   8.13999999999992       0.996406151390769     
   8.15999999999991       0.996424064880656     
   8.17999999999991       0.996441844022526     
   8.19999999999991       0.996459490165199     
   8.21999999999991       0.996477004641256     
   8.23999999999991       0.996494388765931     
   8.25999999999991       0.996511644658668     
   8.27999999999991       0.996528771961242     
   8.29999999999991       0.996545771940514     
   8.31999999999991       0.996562648308633     
   8.33999999999991       0.996579399019110     
   8.35999999999991       0.996596027753601     
   8.37999999999991       0.996612534896680     
   8.39999999999991       0.996628921638467     
   8.41999999999991       0.996645189154670     
   8.43999999999991       0.996661338606577     
   8.45999999999991       0.996677371140886     
   8.47999999999991       0.996693287069896     
   8.49999999999991       0.996709089154545     
   8.51999999999991       0.996724777679856     
   8.53999999999991       0.996740353737777     
   8.55999999999991       0.996755817586473     
   8.57999999999991       0.996771171113156     
   8.59999999999991       0.996786416192026     
   8.61999999999991       0.996801553043198     
   8.63999999999990       0.996816581872996     
   8.65999999999990       0.996831505340544     
   8.67999999999990       0.996846322806706     
   8.69999999999990       0.996861036906543     
   8.71999999999990       0.996875646977375     
   8.73999999999990       0.996890155630738     
   8.75999999999990       0.996904562181100     
   8.77999999999990       0.996918868395989     
   8.79999999999990       0.996933076031862     
   8.81999999999990       0.996947184369721     
   8.83999999999990       0.996961195144405     
   8.85999999999990       0.996975109258366     
   8.87999999999990       0.996988927604140     
   8.89999999999990       0.997002651063414     
   8.91999999999990       0.997016281329511     
   8.93999999999990       0.997029817620733     
   8.95999999999990       0.997043261610485     
   8.97999999999990       0.997056614140732     
   8.99999999999990       0.997069876043615     
   9.01999999999990       0.997083048142271     
   9.03999999999990       0.997096131250051     
   9.05999999999990       0.997109126171254     
   9.07999999999990       0.997122033700724     
   9.09999999999989       0.997134854624840     
   9.11999999999989       0.997147589720888     
   9.13999999999989       0.997160239757259     
   9.15999999999989       0.997172805493911     
   9.17999999999989       0.997185286859798     
   9.19999999999989       0.997197687064844     
   9.21999999999989       0.997210003554537     
   9.23999999999989       0.997222239522382     
   9.25999999999989       0.997234394864650     
   9.27999999999989       0.997246469469185     
   9.29999999999989       0.997258465683515     
   9.31999999999989       0.997270383380378     
   9.33999999999989       0.997282222424231     
   9.35999999999989       0.997293985140012     
   9.37999999999989       0.997305671377527     
   9.39999999999989       0.997317280978833     
   9.41999999999989       0.997328816247090     
   9.43999999999989       0.997340277010396     
   9.45999999999989       0.997351663089216     
   9.47999999999989       0.997362976765752     
   9.49999999999989       0.997374217023948     
   9.51999999999989       0.997385386132446     
   9.53999999999989       0.997396483061559     
   9.55999999999989       0.997407510066823     
   9.57999999999988       0.997418466105164     
   9.59999999999988       0.997429352596439     
   9.61999999999988       0.997440170130651     
   9.63999999999988       0.997450920114744     
   9.65999999999988       0.997461601480440     
   9.67999999999988       0.997472215622632     
   9.69999999999988       0.997482763929756     
   9.71999999999988       0.997493245315332     
   9.73999999999988       0.997503661156381     
   9.75999999999988       0.997514012823840     
   9.77999999999988       0.997524299213573     
   9.79999999999988       0.997534521685308     
   9.81999999999988       0.997544680770108     
   9.83999999999988       0.997554776993215     
   9.85999999999988       0.997564810874665     
   9.87999999999988       0.997574783752352     
   9.89999999999988       0.997584694488775     
   9.91999999999988       0.997594544411362     
   9.93999999999988       0.997604334018849     
   9.95999999999988       0.997614063805173     
   9.97999999999988       0.997623734258526     
   9.99999999999988       0.997633345862747     
   10.0199999999999       0.997642899096448     
   10.0399999999999       0.997652394433753     
   10.0599999999999       0.997661832343117     
   10.0799999999999       0.997671213289035     
   10.0999999999999       0.997680537731031     
   10.1199999999999       0.997689806123987     
   10.1399999999999       0.997699018094552     
   10.1599999999999       0.997708175735701     
   10.1799999999999       0.997717278665148     
   10.1999999999999       0.997726327319865     
   10.2199999999999       0.997735322132094     
   10.2399999999999       0.997744263530170     
   10.2599999999999       0.997753151114181     
   10.2799999999999       0.997761986951367     
   10.2999999999999       0.997770770633554     
   10.3199999999999       0.997779501748421     
   10.3399999999999       0.997788182350688     
   10.3599999999999       0.997796812020086     
   10.3799999999999       0.997805391156226     
   10.3999999999999       0.997813919329923     
   10.4199999999999       0.997822398581185     
   10.4399999999999       0.997830828473949     
   10.4599999999999       0.997839208567499     
   10.4799999999999       0.997847540890838     
   10.4999999999999       0.997855824171738     
   10.5199999999999       0.997864060431594     
   10.5399999999999       0.997872248391559     
   10.5599999999999       0.997880390065230     
   10.5799999999999       0.997888484166848     
   10.5999999999999       0.997896532703045     
   10.6199999999999       0.997904534381059     
   10.6399999999999       0.997912491200766     
   10.6599999999999       0.997920401862511     
   10.6799999999999       0.997928268359686     
   10.6999999999999       0.997936090210035     
   10.7199999999999       0.997943866927655     
   10.7399999999999       0.997951599672248     
   10.7599999999999       0.997959288776201     
   10.7799999999999       0.997966935392898     
   10.7999999999999       0.997974538199125     
   10.8199999999999       0.997982098342716     
   10.8399999999999       0.997989616967624     
   10.8599999999999       0.997997092741921     
   10.8799999999999       0.998004527628381     
   10.8999999999999       0.998011920288903     
   10.9199999999999       0.998019271855835     
   10.9399999999999       0.998026582634758     
   10.9599999999999       0.998033852927818     
   10.9799999999999       0.998041083859103     
   10.9999999999999       0.998048274076167     
   11.0199999999999       0.998055424697401     
   11.0399999999999       0.998062536014491     
   11.0599999999999       0.998069608315888     
   11.0799999999999       0.998076642712278     
   11.0999999999999       0.998083637012649     
   11.1199999999999       0.998090594796815     
   11.1399999999999       0.998097513868781     
   11.1599999999999       0.998104395328885     
   11.1799999999999       0.998111239450029     
   11.1999999999999       0.998118046503193     
   11.2199999999998       0.998124816756509     
   11.2399999999998       0.998131550475445     
   11.2599999999998       0.998138247923629     
   11.2799999999998       0.998144909362057     
   11.2999999999998       0.998151535049230     
   11.3199999999998       0.998158125241271     
   11.3399999999998       0.998164680192616     
   11.3599999999998       0.998171200154745     
   11.3799999999998       0.998177685376962     
   11.3999999999998       0.998184136106932     
   11.4199999999998       0.998190552589468     
   11.4399999999998       0.998196934242289     
   11.4599999999998       0.998203282956345     
   11.4799999999998       0.998209598145119     
   11.4999999999998       0.998215880045105     
   11.5199999999998       0.998222128890814     
   11.5399999999998       0.998228344914441     
   11.5599999999998       0.998234528346048     
   11.5799999999998       0.998240679414303     
   11.5999999999998       0.998246797519830     
   11.6199999999998       0.998252884537715     
   11.6399999999998       0.998258939864900     
   11.6599999999998       0.998264962896296     
   11.6799999999998       0.998270955501081     
   11.6999999999998       0.998276917070544     
   11.7199999999998       0.998282847819526     
   11.7399999999998       0.998288747135180     
   11.7599999999998       0.998294616879414     
   11.7799999999998       0.998300456436025     
   11.7999999999998       0.998306265186722     
   11.8199999999998       0.998312044988088     
   11.8399999999998       0.998317795218680     
   11.8599999999998       0.998323515254922     
   11.8799999999998       0.998329206948102     
   11.8999999999998       0.998334869671495     
   11.9199999999998       0.998340502796237     
   11.9399999999998       0.998346108169050     
   11.9599999999998       0.998351684332053     
   11.9799999999998       0.998357233128673     
