   0.00000000000000       0.301665975776556     
  2.000000000000000E-002  0.301720760639342     
  4.000000000000000E-002  0.301885162914330     
  6.000000000000000E-002  0.302159325669315     
  8.000000000000000E-002  0.302543487360904     
  0.100000000000000       0.303037981851575     
  0.120000000000000       0.303643238428952     
  0.140000000000000       0.304359781820710     
  0.160000000000000       0.305188232206792     
  0.180000000000000       0.306129305215324     
  0.200000000000000       0.307183811899238     
  0.220000000000000       0.308352658682587     
  0.240000000000000       0.309636847266474     
  0.260000000000000       0.311037474482434     
  0.280000000000000       0.312555732079268     
  0.300000000000000       0.314192906429637     
  0.320000000000000       0.315950378134233     
  0.340000000000000       0.317829621511769     
  0.360000000000000       0.319832203945591     
  0.380000000000000       0.321959785068294     
  0.400000000000000       0.324214115754176     
  0.420000000000000       0.326597036895461     
  0.440000000000000       0.329110477925885     
  0.460000000000000       0.331756455056207     
  0.480000000000000       0.334537069190593     
  0.500000000000000       0.337454503471667     
  0.520000000000000       0.340511020420693     
  0.540000000000000       0.343708958612088     
  0.560000000000000       0.347050728840909     
  0.580000000000000       0.350538809716424     
  0.600000000000000       0.354175742625999     
  0.620000000000000       0.357964126003869     
  0.640000000000000       0.361906608828437     
  0.660000000000000       0.366005883282218     
  0.680000000000000       0.370264676488184     
  0.700000000000000       0.374685741244606     
  0.720000000000000       0.379271845665595     
  0.740000000000000       0.384025761642007     
  0.760000000000000       0.388950252022538     
  0.780000000000000       0.394048056431118     
  0.800000000000000       0.399321875603121     
  0.820000000000000       0.404774354161705     
  0.840000000000000       0.410408061729548     
  0.860000000000000       0.416225472275567     
  0.880000000000000       0.422228941623722     
  0.900000000000000       0.428420683025741     
  0.920000000000000       0.434802740737357     
  0.940000000000001       0.441376961536415     
  0.960000000000001       0.448144964143444     
  0.980000000000001       0.455108106525194     
   1.00000000000000       0.462267451094780     
   1.02000000000000       0.469623727833209     
   1.04000000000000       0.477177295432827     
   1.06000000000000       0.484928100560797     
   1.08000000000000       0.492875635420548     
   1.10000000000000       0.501018893856380     
   1.12000000000000       0.509356326252486     
   1.14000000000000       0.517885793624783     
   1.16000000000000       0.526604521324674     
   1.18000000000000       0.535509052856698     
   1.20000000000000       0.544595204443184     
   1.22000000000000       0.553858020988137     
   1.24000000000000       0.563291734236165     
   1.26000000000000       0.572889723976272     
   1.28000000000000       0.582644483227024     
   1.30000000000000       0.592547588421300     
   1.32000000000000       0.602589675622459     
   1.34000000000000       0.612760423924857     
   1.36000000000000       0.623048547090125     
   1.38000000000000       0.633441794605106     
   1.40000000000000       0.643926963130751     
   1.42000000000000       0.654489919403335     
   1.44000000000000       0.665115635418072     
   1.46000000000000       0.675788236566306     
   1.48000000000000       0.686491063288489     
   1.50000000000000       0.697206746419748     
   1.52000000000000       0.707917296234871     
   1.54000000000000       0.718604204813701     
   1.56000000000000       0.729248561048630     
   1.58000000000000       0.739831177171252     
   1.60000000000000       0.750332725462938     
   1.62000000000000       0.760733883275596     
   1.64000000000000       0.771015484315320     
   1.66000000000000       0.781158673769033     
   1.68000000000000       0.791145064685037     
   1.70000000000000       0.800956892751472     
   1.72000000000000       0.810577166733155     
   1.74000000000000       0.819989811598974     
   1.76000000000000       0.829179801670797     
   1.78000000000000       0.838133281206729     
   1.80000000000000       0.846837670179095     
   1.82000000000000       0.855281753271330     
   1.84000000000000       0.863455750649339     
   1.86000000000000       0.871351369440179     
   1.88000000000000       0.878961835373394     
   1.90000000000000       0.886281904522038     
   1.92000000000000       0.893307855603465     
   1.94000000000000       0.900037463638688     
   1.96000000000000       0.906469956357459     
   1.98000000000000       0.912605954823476     
   2.00000000000000       0.918447400309868     
   2.02000000000000       0.923997469438664     
   2.04000000000000       0.929260479752893     
   2.06000000000000       0.934241788029382     
   2.08000000000000       0.938947683567383     
   2.10000000000000       0.943385278461669     
   2.12000000000000       0.947562397126289     
   2.14000000000000       0.951487466507351     
   2.16000000000000       0.955169409073511     
   2.18000000000000       0.958617539551489     
   2.20000000000000       0.961841466837167     
   2.22000000000000       0.964851001907513     
   2.24000000000000       0.967656072439735     
   2.26000000000000       0.970266644667339     
   2.28000000000000       0.972692652661815     
   2.30000000000000       0.974943935297534     
   2.32000000000000       0.977030180668192     
   2.34000000000000       0.978960878024787     
   2.36000000000000       0.980745276720939     
   2.38000000000000       0.982392352011615     
   2.40000000000000       0.983910777069068     
   2.42000000000000       0.985308901053667     
   2.44000000000000       0.986594732359727     
   2.46000000000000       0.987775926921073     
   2.48000000000000       0.988859780776166     
   2.50000000000000       0.989853226549010     
   2.52000000000000       0.990762833358038     
   2.54000000000000       0.991594809599830     
   2.56000000000000       0.992355008324550     
   2.58000000000000       0.993048934659112     
   2.60000000000000       0.993681755018878     
   2.62000000000000       0.994258307706279     
   2.64000000000000       0.994783114713607     
   2.66000000000000       0.995260394205931     
   2.68000000000000       0.995694073790148     
   2.70000000000000       0.996087804056899     
   2.72000000000000       0.996444972440371     
   2.74000000000000       0.996768717013097     
   2.76000000000000       0.997061940389393     
   2.78000000000000       0.997327323279812     
   2.80000000000000       0.997567337851387     
   2.82000000000000       0.997784260749277     
   2.84000000000000       0.997980185689877     
   2.86000000000000       0.998157035578628     
   2.88000000000000       0.998316574157366     
   2.90000000000000       0.998460417166457     
   2.92000000000000       0.998590042906417     
   2.94000000000000       0.998706802329817     
   2.96000000000000       0.998811928562170     
   2.98000000000000       0.998906545864927     
   3.00000000000000       0.998991678078411     
   3.02000000000000       0.999068256625905     
   3.04000000000000       0.999137127834077     
   3.06000000000000       0.999199059985198     
   3.08000000000000       0.999254749720734     
   3.10000000000000       0.999304828065245     
   3.12000000000000       0.999349866081336     
   3.14000000000000       0.999390379987078     
   3.16000000000000       0.999426836006730     
   3.18000000000000       0.999459654766560     
   3.20000000000000       0.999489215416612     
   3.22000000000000       0.999515859389318     
   3.24000000000000       0.999539893875216     
   3.26000000000000       0.999561594975456     
   3.28000000000000       0.999581210649945     
   3.30000000000000       0.999598963379490     
   3.32000000000000       0.999615052609283     
   3.34000000000000       0.999629656990310     
   3.36000000000000       0.999642936384482     
   3.38000000000000       0.999655033738288     
   3.40000000000000       0.999666076799118     
   3.42000000000000       0.999676179587460     
   3.44000000000000       0.999685443827282     
   3.46000000000000       0.999693960196313     
   3.48000000000000       0.999701809476981     
   3.50000000000000       0.999709063548169     
   3.52000000000000       0.999715786377075     
   3.54000000000000       0.999722034819994     
   3.56000000000000       0.999727859389970     
   3.58000000000000       0.999733304948905     
   3.60000000000000       0.999738411280841     
   3.62000000000000       0.999743213702888     
   3.64000000000000       0.999747743519484     
   3.66000000000000       0.999752028475502     
   3.68000000000000       0.999756093152911     
   3.70000000000000       0.999759959325581     
   3.72000000000000       0.999763646276366     
   3.74000000000000       0.999767171070055     
   3.76000000000000       0.999770548845725     
   3.78000000000000       0.999773792971554     
   3.80000000000000       0.999776915324808     
   3.82000000000000       0.999779926399806     
   3.84000000000000       0.999782835495795     
   3.86000000000000       0.999785650887205     
   3.88000000000000       0.999789833880460     
   3.90000000000000       0.999792277037530     
   3.92000000000000       0.999794673916012     
   3.94000000000000       0.999797026537581     
   3.96000000000000       0.999799336278935     
   3.98000000000000       0.999801604363462     
   4.00000000000000       0.999803831894120     
   4.02000000000000       0.999806019949903     
   4.04000000000000       0.999808169550011     
   4.06000000000000       0.999810281656905     
   4.08000000000000       0.999812357208708     
   4.10000000000000       0.999814397121244     
   4.12000000000000       0.999816402249822     
   4.14000000000000       0.999818373440790     
   4.16000000000000       0.999820311512948     
   4.18000000000000       0.999822217238875     
   4.20000000000000       0.999824091396078     
   4.22000000000000       0.999825934698149     
   4.24000000000000       0.999827747875755     
   4.26000000000000       0.999829531607634     
   4.28000000000000       0.999831286571486     
   4.30000000000000       0.999833013404835     
   4.32000000000000       0.999834712745832     
   4.34000000000000       0.999836385204010     
   4.35999999999999       0.999838031371021     
   4.37999999999999       0.999839651821305     
   4.39999999999999       0.999841247102750     
   4.41999999999999       0.999842817777288     
   4.43999999999999       0.999844364371510     
   4.45999999999999       0.999845887377214     
   4.47999999999999       0.999847387301922     
   4.49999999999999       0.999848864639407     
   4.51999999999999       0.999850319850177     
   4.53999999999999       0.999851753401922     
   4.55999999999999       0.999853165729981     
   4.57999999999999       0.999854557267741     
   4.59999999999999       0.999855928447060     
   4.61999999999999       0.999857279668646     
   4.63999999999999       0.999858611342432     
   4.65999999999999       0.999859923847934     
   4.67999999999999       0.999861217574582     
   4.69999999999999       0.999862492882069     
   4.71999999999999       0.999863750140638     
   4.73999999999999       0.999864989691415     
   4.75999999999999       0.999866211886664     
   4.77999999999999       0.999867417060098     
   4.79999999999999       0.999868605537125     
   4.81999999999999       0.999869777615128     
   4.83999999999998       0.999870933633680     
   4.85999999999998       0.999872073874814     
   4.87999999999998       0.999873198643233     
   4.89999999999998       0.999874308226544     
   4.91999999999998       0.999875402895462     
   4.93999999999998       0.999876482934019     
   4.95999999999998       0.999877548609758     
   4.97999999999998       0.999878600173929     
   4.99999999999998       0.999879637891669     
   5.01999999999998       0.999880662012182     
   5.03999999999998       0.999881672778906     
   5.05999999999998       0.999882670419683     
   5.07999999999998       0.999883655176915     
   5.09999999999998       0.999884627277720     
   5.11999999999998       0.999885586944076     
   5.13999999999998       0.999886534382973     
   5.15999999999998       0.999887469816545     
   5.17999999999998       0.999888393452200     
   5.19999999999998       0.999889305492764     
   5.21999999999998       0.999890206126597     
   5.23999999999998       0.999891095567704     
   5.25999999999998       0.999891973985878     
   5.27999999999998       0.999892841576790     
   5.29999999999997       0.999893698522110     
   5.31999999999997       0.999894544999612     
   5.33999999999997       0.999895381173269     
   5.35999999999997       0.999896207233368     
   5.37999999999997       0.999897023316596     
   5.39999999999997       0.999897829616126     
   5.41999999999997       0.999898626281726     
   5.43999999999997       0.999899413469837     
   5.45999999999997       0.999900191323655     
   5.47999999999997       0.999900960013217     
   5.49999999999997       0.999901719665487     
   5.51999999999997       0.999902470434418     
   5.53999999999997       0.999903212461045     
   5.55999999999997       0.999903945873543     
   5.57999999999997       0.999904670827306     
   5.59999999999997       0.999905387445016     
   5.61999999999997       0.999906095846710     
   5.63999999999997       0.999906796169833     
   5.65999999999997       0.999907488539322     
   5.67999999999997       0.999908173077646     
   5.69999999999997       0.999908849904875     
   5.71999999999997       0.999909519128744     
   5.73999999999997       0.999910180884692     
   5.75999999999997       0.999910835265936     
   5.77999999999996       0.999911482393507     
   5.79999999999996       0.999912122386303     
   5.81999999999996       0.999912755331160     
   5.83999999999996       0.999913381342871     
   5.85999999999996       0.999914000524251     
   5.87999999999996       0.999914612976174     
   5.89999999999996       0.999915218787630     
   5.91999999999996       0.999915818075753     
   5.93999999999996       0.999916410915872     
   5.95999999999996       0.999916997411554     
   5.97999999999996       0.999917577664631     
   5.99999999999996       0.999918151745260     
   6.01999999999996       0.999918719751940     
   6.03999999999996       0.999919281771562     
   6.05999999999996       0.999919837889437     
   6.07999999999996       0.999920388189337     
   6.09999999999996       0.999920932743525     
   6.11999999999996       0.999921471652789     
   6.13999999999996       0.999922004976476     
   6.15999999999996       0.999922532812519     
   6.17999999999996       0.999923055217473     
   6.19999999999996       0.999923572276544     
   6.21999999999996       0.999924084063612     
   6.23999999999995       0.999924590661262     
   6.25999999999995       0.999925092120820     
   6.27999999999995       0.999925588522369     
   6.29999999999995       0.999926079924780     
   6.31999999999995       0.999926566415733     
   6.33999999999995       0.999927048051750     
   6.35999999999995       0.999927524888217     
   6.37999999999995       0.999927997009396     
   6.39999999999995       0.999928464458468     
   6.41999999999995       0.999928927317537     
   6.43999999999995       0.999929385627668     
   6.45999999999995       0.999929839458896     
   6.47999999999995       0.999930288870250     
   6.49999999999995       0.999930733929775     
   6.51999999999995       0.999931174674559     
   6.53999999999995       0.999931611160741     
   6.55999999999995       0.999932043473525     
   6.57999999999995       0.999932471637223     
   6.59999999999995       0.999932895705253     
   6.61999999999995       0.999933315750154     
   6.63999999999995       0.999933731813621     
   6.65999999999995       0.999934143936509     
   6.67999999999995       0.999934552188846     
   6.69999999999995       0.999934956599864     
   6.71999999999994       0.999935357228002     
   6.73999999999994       0.999935754130921     
   6.75999999999994       0.999936147335535     
   6.77999999999994       0.999936536898001     
   6.79999999999994       0.999936922863755     
   6.81999999999994       0.999937305287512     
   6.83999999999994       0.999937684183292     
   6.85999999999994       0.999938059634416     
   6.87999999999994       0.999938431643540     
   6.89999999999994       0.999938800282649     
   6.91999999999994       0.999939165583082     
   6.93999999999994       0.999939527585539     
   6.95999999999994       0.999939886330096     
   6.97999999999994       0.999940241846209     
   6.99999999999994       0.999940594192734     
   7.01999999999994       0.999940943387939     
   7.03999999999994       0.999941289489501     
   7.05999999999994       0.999941632514541     
   7.07999999999994       0.999941972519606     
   7.09999999999994       0.999942309520699     
   7.11999999999994       0.999942643563289     
   7.13999999999994       0.999942974682308     
   7.15999999999994       0.999943302922167     
   7.17999999999993       0.999943628296769     
   7.19999999999993       0.999943950849521     
   7.21999999999993       0.999944270613329     
   7.23999999999993       0.999944587620617     
   7.25999999999993       0.999944901903332     
   7.27999999999993       0.999945213492963     
   7.29999999999993       0.999945522420531     
   7.31999999999993       0.999945828706611     
   7.33999999999993       0.999946132401331     
   7.35999999999993       0.999946433524389     
   7.37999999999993       0.999946732105057     
   7.39999999999993       0.999947028172183     
   7.41999999999993       0.999947321744202     
   7.43999999999993       0.999947612869149     
   7.45999999999993       0.999947901554654     
   7.47999999999993       0.999948187837963     
   7.49999999999993       0.999948471755927     
   7.51999999999993       0.999948753315030     
   7.53999999999993       0.999949032561377     
   7.55999999999993       0.999949309500709     
   7.57999999999993       0.999949584168409     
   7.59999999999993       0.999949856589507     
   7.61999999999993       0.999950126798684     
   7.63999999999993       0.999950394800278     
   7.65999999999992       0.999950660628297     
   7.67999999999992       0.999950924306414     
   7.69999999999992       0.999951185857979     
   7.71999999999992       0.999951445306023     
   7.73999999999992       0.999951702673261     
   7.75999999999992       0.999951957982103     
   7.77999999999992       0.999952211254651     
   7.79999999999992       0.999952462512712     
   7.81999999999992       0.999952711777796     
   7.83999999999992       0.999952959061127     
   7.85999999999992       0.999953204403642     
   7.87999999999992       0.999953447815998     
   7.89999999999992       0.999953689308578     
   7.91999999999992       0.999953928921494     
   7.93999999999992       0.999954166664594     
   7.95999999999992       0.999954402547461     
   7.97999999999992       0.999954636609418     
   7.99999999999992       0.999954868849534     
   8.01999999999992       0.999955099306636     
   8.03999999999992       0.999955327979296     
   8.05999999999992       0.999955554895850     
   8.07999999999992       0.999955780084390     
   8.09999999999992       0.999956003542778     
   8.11999999999992       0.999956225298645     
   8.13999999999992       0.999956445379392     
   8.15999999999991       0.999956663782197     
   8.17999999999991       0.999956880534022     
   8.19999999999991       0.999957095651604     
   8.21999999999991       0.999957309151476     
   8.23999999999991       0.999957521049953     
   8.25999999999991       0.999957731373147     
   8.27999999999991       0.999957940116965     
   8.29999999999991       0.999958147297117     
   8.31999999999991       0.999958352959106     
   8.33999999999991       0.999958557078251     
   8.35999999999991       0.999958759699673     
   8.37999999999991       0.999958960828307     
   8.39999999999991       0.999959160478899     
   8.41999999999991       0.999959358666015     
   8.43999999999991       0.999959555404043     
   8.45999999999991       0.999959750707184     
   8.47999999999991       0.999959944579473     
   8.49999999999991       0.999960137054768     
   8.51999999999991       0.999960328136761     
   8.53999999999991       0.999960517838970     
   8.55999999999991       0.999960706164756     
   8.57999999999991       0.999960893137312     
   8.59999999999991       0.999961078779669     
   8.61999999999991       0.999961263094712     
   8.63999999999990       0.999961446085154     
   8.65999999999990       0.999961627783569     
   8.67999999999990       0.999961808182370     
   8.69999999999990       0.999961987313828     
   8.71999999999990       0.999962165170065     
   8.73999999999990       0.999962341783057     
   8.75999999999990       0.999962517144639     
   8.77999999999990       0.999962691276507     
   8.79999999999990       0.999962864200214     
   8.81999999999990       0.999963035907183     
   8.83999999999990       0.999963206418698     
   8.85999999999990       0.999963375745909     
   8.87999999999990       0.999963543899843     
   8.89999999999990       0.999963710891391     
   8.91999999999990       0.999963876741316     
   8.93999999999990       0.999964041440264     
   8.95999999999990       0.999964205008750     
   8.97999999999990       0.999964367457170     
   8.99999999999990       0.999964528795797     
   9.01999999999990       0.999964689034793     
   9.03999999999990       0.999964848184196     
   9.05999999999990       0.999965006253933     
   9.07999999999990       0.999965163253813     
   9.09999999999989       0.999965319193538     
   9.11999999999989       0.999965474082698     
   9.13999999999989       0.999965627930773     
   9.15999999999989       0.999965780747136     
   9.17999999999989       0.999965932531054     
   9.19999999999989       0.999966083321689     
   9.21999999999989       0.999966233088103     
   9.23999999999989       0.999966381869253     
   9.25999999999989       0.999966529663997     
   9.27999999999989       0.999966676471094     
   9.29999999999989       0.999966822319203     
   9.31999999999989       0.999966967206892     
   9.33999999999989       0.999967111132628     
   9.35999999999989       0.999967254124789     
   9.37999999999989       0.999967396181658     
   9.39999999999989       0.999967537301426     
   9.41999999999989       0.999967677512196     
   9.43999999999989       0.999967816811983     
   9.45999999999989       0.999967955198711     
   9.47999999999989       0.999968092700220     
   9.49999999999989       0.999968229304264     
   9.51999999999989       0.999968365038511     
   9.53999999999989       0.999968499890548     
   9.55999999999989       0.999968633887881     
   9.57999999999988       0.999968767017930     
   9.59999999999988       0.999968899298042     
   9.61999999999988       0.999969030735479     
   9.63999999999988       0.999969161347427     
   9.65999999999988       0.999969291120995     
   9.67999999999988       0.999969420073220     
   9.69999999999988       0.999969548221058     
   9.71999999999988       0.999969675551393     
   9.73999999999988       0.999969802081040     
   9.75999999999988       0.999969927826736     
   9.77999999999988       0.999970052775151     
   9.79999999999988       0.999970176942882     
   9.81999999999988       0.999970300336459     
   9.83999999999988       0.999970422962342     
   9.85999999999988       0.999970544826924     
   9.87999999999988       0.999970665946529     
   9.89999999999988       0.999970786307418     
   9.91999999999988       0.999970905925788     
   9.93999999999988       0.999971024807767     
   9.95999999999988       0.999971142959425     
   9.97999999999988       0.999971260386763     
   9.99999999999988       0.999971377095726     
   10.0199999999999       0.999971493092193     
   10.0399999999999       0.999971608381991     
   10.0599999999999       0.999971722970873     
   10.0799999999999       0.999971836864545     
   10.0999999999999       0.999971950068653     
   10.1199999999999       0.999972062588782     
   10.1399999999999       0.999972174420465     
   10.1599999999999       0.999972285589171     
   10.1799999999999       0.999972396090321     
   10.1999999999999       0.999972505929281     
   10.2199999999999       0.999972615111357     
   10.2399999999999       0.999972723641807     
   10.2599999999999       0.999972831515837     
   10.2799999999999       0.999972938758594     
   10.2999999999999       0.999973045365182     
   10.3199999999999       0.999973151330651     
   10.3399999999999       0.999973256679995     
   10.3599999999999       0.999973361408167     
   10.3799999999999       0.999973465520069     
   10.3999999999999       0.999973569010548     
   10.4199999999999       0.999973671904410     
   10.4399999999999       0.999973774196415     
   10.4599999999999       0.999973875881268     
   10.4799999999999       0.999973976983636     
   10.4999999999999       0.999974077488135     
   10.5199999999999       0.999974177419337     
   10.5399999999999       0.999974276761776     
   10.5599999999999       0.999974375539928     
   10.5799999999999       0.999974473738242     
   10.5999999999999       0.999974571381107     
   10.6199999999999       0.999974668452887     
   10.6399999999999       0.999974764977887     
   10.6599999999999       0.999974860940386     
   10.6799999999999       0.999974956364608     
   10.6999999999999       0.999975051244746     
   10.7199999999999       0.999975145574950     
   10.7399999999999       0.999975239369328     
   10.7599999999999       0.999975332631953     
   10.7799999999999       0.999975425376857     
   10.7999999999999       0.999975517588029     
   10.8199999999999       0.999975609279432     
   10.8399999999999       0.999975700464979     
   10.8599999999999       0.999975791128555     
   10.8799999999999       0.999975881294003     
   10.8999999999999       0.999975970945131     
   10.9199999999999       0.999976060095711     
   10.9399999999999       0.999976148749485     
   10.9599999999999       0.999976236910152     
   10.9799999999999       0.999976324591380     
   10.9999999999999       0.999976411776804     
   11.0199999999999       0.999976498480020     
   11.0399999999999       0.999976584704600     
   11.0599999999999       0.999976670454075     
   11.0799999999999       0.999976755741946     
   11.0999999999999       0.999976840541681     
   11.1199999999999       0.999976924896714     
   11.1399999999999       0.999977008780455     
   11.1599999999999       0.999977092206275     
   11.1799999999999       0.999977175177514     
   11.1999999999999       0.999977257697489     
   11.2199999999998       0.999977339769481     
   11.2399999999998       0.999977421396737     
   11.2599999999998       0.999977502582485     
   11.2799999999998       0.999977583329917     
   11.2999999999998       0.999977663642196     
   11.3199999999998       0.999977743522455     
   11.3399999999998       0.999977822973807     
   11.3599999999998       0.999977901999328     
   11.3799999999998       0.999977980602068     
   11.3999999999998       0.999978058785055     
   11.4199999999998       0.999978136551284     
   11.4399999999998       0.999978213893726     
   11.4599999999998       0.999978290835323     
   11.4799999999998       0.999978367368994     
   11.4999999999998       0.999978443497629     
   11.5199999999998       0.999978519224098     
   11.5399999999998       0.999978594551238     
   11.5599999999998       0.999978669481863     
   11.5799999999998       0.999978744018767     
   11.5999999999998       0.999978818154713     
   11.6199999999998       0.999978891912446     
   11.6399999999998       0.999978965284681     
   11.6599999999998       0.999979038264111     
   11.6799999999998       0.999979110873406     
   11.6999999999998       0.999979183105215     
   11.7199999999998       0.999979254962161     
   11.7399999999998       0.999979326436844     
   11.7599999999998       0.999979397551843     
   11.7799999999998       0.999979468299713     
   11.7999999999998       0.999979538672987     
   11.8199999999998       0.999979608694177     
   11.8399999999998       0.999979678355776     
   11.8599999999998       0.999979747650250     
   11.8799999999998       0.999979816600048     
   11.8999999999998       0.999979885197595     
   11.9199999999998       0.999979953435296     
   11.9399999999998       0.999980021335539     
   11.9599999999998       0.999980088880686     
   11.9799999999998       0.999980156093084     
