   0.00000000000000       7.935866366891493E-003
  2.000000000000000E-002  7.937460650751160E-003
  4.000000000000000E-002  7.942245432817480E-003
  6.000000000000000E-002  7.950226508601646E-003
  8.000000000000000E-002  7.961413550346172E-003
  0.100000000000000       7.975820126754865E-003
  0.120000000000000       7.993463730674989E-003
  0.140000000000000       8.014365814735148E-003
  0.160000000000000       8.038551835242061E-003
  0.180000000000000       8.066051304254074E-003
  0.200000000000000       8.096897850119843E-003
  0.220000000000000       8.131129286603174E-003
  0.240000000000000       8.168787690808694E-003
  0.260000000000000       8.209919490134188E-003
  0.280000000000000       8.254575558496971E-003
  0.300000000000000       8.302811322169876E-003
  0.320000000000000       8.354686875397874E-003
  0.340000000000000       8.410267106362222E-003
  0.360000000000000       8.469621833642088E-003
  0.380000000000000       8.532825953735520E-003
  0.400000000000000       8.599959599970040E-003
  0.420000000000000       8.671108313428953E-003
  0.440000000000000       8.746363226276076E-003
  0.460000000000000       8.825821258020890E-003
  0.480000000000000       8.909585325536458E-003
  0.500000000000000       8.997764567158079E-003
  0.520000000000000       9.090474581905601E-003
  0.540000000000000       9.187837684219101E-003
  0.560000000000000       9.289983175356314E-003
  0.580000000000000       9.397047632012365E-003
  0.600000000000000       9.509175213247456E-003
  0.620000000000000       9.626517986715337E-003
  0.640000000000000       9.749236275052073E-003
  0.660000000000000       9.877499023817486E-003
  0.680000000000000       1.001148419196729E-002
  0.700000000000000       1.015137916630478E-002
  0.720000000000000       1.029738120110887E-002
  0.740000000000000       1.044969788457604E-002
  0.760000000000000       1.060854763344077E-002
  0.780000000000000       1.077416021784360E-002
  0.800000000000000       1.094677731759625E-002
  0.820000000000000       1.112665311237101E-002
  0.840000000000000       1.131405490760342E-002
  0.860000000000000       1.150926379806856E-002
  0.880000000000000       1.171257537199283E-002
  0.900000000000000       1.192430045764011E-002
  0.920000000000000       1.214476591539236E-002
  0.940000000000001       1.237431547803786E-002
  0.960000000000001       1.261331064233596E-002
  0.980000000000001       1.286213161507762E-002
   1.00000000000000       1.312117831732544E-002
   1.02000000000000       1.339087145002247E-002
   1.04000000000000       1.367165362579282E-002
   1.06000000000000       1.396399057038640E-002
   1.08000000000000       1.426837239857567E-002
   1.10000000000000       1.458531497007940E-002
   1.12000000000000       1.491536132925085E-002
   1.14000000000000       1.525908323557931E-002
   1.16000000000000       1.561708279039463E-002
   1.18000000000000       1.598999416559423E-002
   1.20000000000000       1.637848544258258E-002
   1.22000000000000       1.678326056734036E-002
   1.24000000000000       1.720506143036319E-002
   1.26000000000000       1.764467007951705E-002
   1.28000000000000       1.810291107474756E-002
   1.30000000000000       1.858065399478541E-002
   1.32000000000000       1.907881610463511E-002
   1.34000000000000       1.959836519727749E-002
   1.36000000000000       2.014032261810554E-002
   1.38000000000000       2.070576648865976E-002
   1.40000000000000       2.129583513829579E-002
   1.42000000000000       2.191173076217074E-002
   1.44000000000000       2.255472331926002E-002
   1.46000000000000       2.322615468485040E-002
   1.48000000000000       2.392744307882763E-002
   1.50000000000000       2.466008778394239E-002
   1.52000000000000       2.542567417631264E-002
   1.54000000000000       2.622587908758612E-002
   1.56000000000000       2.706247652257749E-002
   1.58000000000000       2.793734375111486E-002
   1.60000000000000       2.885246780566191E-002
   1.62000000000000       2.980995240330115E-002
   1.64000000000000       3.081202532375583E-002
   1.66000000000000       3.186104626945294E-002
   1.68000000000000       3.295951524032990E-002
   1.70000000000000       3.411008144586650E-002
   1.72000000000000       3.531555279834620E-002
   1.74000000000000       3.657890600657090E-002
   1.76000000000000       3.790329731080521E-002
   1.78000000000000       3.929207388745200E-002
   1.80000000000000       4.074878596061952E-002
   1.82000000000000       4.227719964305732E-002
   1.84000000000000       4.388131054419726E-002
   1.86000000000000       4.556535816803169E-002
   1.88000000000000       4.733384112461153E-002
   1.90000000000000       4.919153317106258E-002
   1.92000000000000       5.114350010187344E-002
   1.94000000000000       5.319511747128866E-002
   1.96000000000000       5.535208916810198E-002
   1.98000000000000       5.762046677775424E-002
   2.00000000000000       6.000666973181035E-002
   2.02000000000000       6.251750616422366E-002
   2.04000000000000       6.516019436543999E-002
   2.06000000000000       6.794238473134007E-002
   2.08000000000000       7.087218205628237E-002
   2.10000000000000       7.395816787779232E-002
   2.12000000000000       7.720942276353465E-002
   2.14000000000000       8.063554794024948E-002
   2.16000000000000       8.424668617440080E-002
   2.18000000000000       8.805354106860337E-002
   2.20000000000000       9.206739434498321E-002
   2.22000000000000       9.630012027828690E-002
   2.24000000000000       0.100764196363911     
   2.26000000000000       0.105472709210093     
   2.28000000000000       0.110439354219872     
   2.30000000000000       0.115678427815998     
   2.32000000000000       0.121204810099230     
   2.34000000000000       0.127033936455130     
   2.36000000000000       0.133181755292639     
   2.38000000000000       0.139664669885410     
   2.40000000000000       0.146499460752941     
   2.42000000000000       0.153703186602314     
   2.44000000000000       0.161293058859250     
   2.46000000000000       0.169286287934808     
   2.48000000000000       0.177699896192908     
   2.50000000000000       0.186550494692780     
   2.52000000000000       0.195854020459550     
   2.54000000000000       0.205625430448094     
   2.56000000000000       0.215878351390990     
   2.58000000000000       0.226624683067303     
   2.60000000000000       0.237874156693103     
   2.62000000000000       0.249633850241671     
   2.64000000000000       0.261907668463885     
   2.66000000000000       0.274695791014375     
   2.68000000000000       0.287994108262180     
   2.70000000000000       0.301793654772122     
   2.72000000000000       0.316080067401526     
   2.74000000000000       0.330833085883137     
   2.76000000000000       0.346026136895041     
   2.78000000000000       0.361626020148386     
   2.80000000000000       0.377592739509307     
   2.82000000000000       0.393879510204800     
   2.84000000000000       0.410432969480057     
   2.86000000000000       0.427193612173983     
   2.88000000000000       0.444096466883373     
   2.90000000000000       0.461072015468702     
   2.92000000000000       0.478047330235499     
   2.94000000000000       0.494947412797395     
   2.96000000000000       0.511696678282641     
   2.98000000000000       0.528220523992075     
   3.00000000000000       0.544446916506458     
   3.02000000000000       0.560307938885759     
   3.04000000000000       0.575741174076511     
   3.06000000000000       0.590690937198913     
   3.08000000000000       0.605109223329373     
   3.10000000000000       0.618956383952642     
   3.12000000000000       0.632201520481173     
   3.14000000000000       0.644822543643548     
   3.16000000000000       0.656805987008337     
   3.18000000000000       0.668146549160810     
   3.20000000000000       0.678846457669166     
   3.22000000000000       0.688914670756804     
   3.24000000000000       0.698365987744022     
   3.26000000000000       0.707220094536286     
   3.28000000000000       0.715500626714827     
   3.30000000000000       0.723234248443161     
   3.32000000000000       0.730449794295224     
   3.34000000000000       0.737177495074142     
   3.36000000000000       0.743448276995894     
   3.38000000000000       0.749293180853404     
   3.40000000000000       0.754742885512425     
   3.42000000000000       0.759827281527797     
   3.44000000000000       0.764575180309720     
   3.46000000000000       0.769014077985894     
   3.48000000000000       0.773169998400233     
   3.50000000000000       0.777067368634076     
   3.52000000000000       0.780728996948142     
   3.54000000000000       0.784176038207679     
   3.56000000000000       0.787428017713306     
   3.58000000000000       0.790502880279023     
   3.60000000000000       0.793417029405866     
   3.62000000000000       0.796185436148764     
   3.64000000000000       0.798821700208028     
   3.66000000000000       0.801338144283879     
   3.68000000000000       0.803745904936698     
   3.70000000000000       0.806055023376167     
   3.72000000000000       0.808274534481194     
   3.74000000000000       0.810412546618816     
   3.76000000000000       0.812476347913029     
   3.78000000000000       0.814472441080781     
   3.80000000000000       0.816406664732513     
   3.82000000000000       0.818284217847466     
   3.84000000000000       0.820109740235163     
   3.86000000000000       0.821887388800562     
   3.88000000000000       0.824548629411935     
   3.90000000000000       0.826114208995339     
   3.92000000000000       0.827658268509707     
   3.94000000000000       0.829181721379590     
   3.96000000000000       0.830685088828199     
   3.98000000000000       0.832168811285749     
   4.00000000000000       0.833633267318140     
   4.02000000000000       0.835078835364687     
   4.04000000000000       0.836505869336697     
   4.06000000000000       0.837914699541121     
   4.08000000000000       0.839305653400595     
   4.10000000000000       0.840679056304274     
   4.12000000000000       0.842035205216521     
   4.14000000000000       0.843374402718557     
   4.16000000000000       0.844696944039854     
   4.18000000000000       0.846003103687969     
   4.20000000000000       0.847293169933230     
   4.22000000000000       0.848567397075848     
   4.24000000000000       0.849826060742485     
   4.26000000000000       0.851069409831792     
   4.28000000000000       0.852297701359920     
   4.30000000000000       0.853511172791412     
   4.32000000000000       0.854710070222980     
   4.34000000000000       0.855894627550568     
   4.35999999999999       0.857065073633285     
   4.37999999999999       0.858221632446265     
   4.39999999999999       0.859364516060005     
   4.41999999999999       0.860493953455119     
   4.43999999999999       0.861610154921980     
   4.45999999999999       0.862713311921806     
   4.47999999999999       0.863803633348858     
   4.49999999999999       0.864881324130997     
   4.51999999999999       0.865946570670521     
   4.53999999999999       0.866999570124389     
   4.55999999999999       0.868040501241814     
   4.57999999999999       0.869069546422582     
   4.59999999999999       0.870086891949513     
   4.61999999999999       0.871092705826459     
   4.63999999999999       0.872087167549856     
   4.65999999999999       0.873070438417870     
   4.67999999999999       0.874042691477993     
   4.69999999999999       0.875004081656572     
   4.71999999999999       0.875954775873878     
   4.73999999999999       0.876894922988532     
   4.75999999999999       0.877824684090973     
   4.77999999999999       0.878744209895631     
   4.79999999999999       0.879653648348000     
   4.81999999999999       0.880553129329809     
   4.83999999999998       0.881442818430975     
   4.85999999999998       0.882322840295046     
   4.87999999999998       0.883193340116034     
   4.89999999999998       0.884054452948688     
   4.91999999999998       0.884906303647327     
   4.93999999999998       0.885749030256960     
   4.95999999999998       0.886582760772143     
   4.97999999999998       0.887407613087909     
   4.99999999999998       0.888223718564569     
   5.01999999999998       0.889031198601083     
   5.03999999999998       0.889830172489390     
   5.05999999999998       0.890620749530216     
   5.07999999999998       0.891403052835851     
   5.09999999999998       0.892177195654114     
   5.11999999999998       0.892943289299358     
   5.13999999999998       0.893701435187264     
   5.15999999999998       0.894451748866942     
   5.17999999999998       0.895194336099831     
   5.19999999999998       0.895929300874362     
   5.21999999999998       0.896656737360126     
   5.23999999999998       0.897376762249600     
   5.25999999999998       0.898089458239644     
   5.27999999999998       0.898794930660702     
   5.29999999999997       0.899493275156432     
   5.31999999999997       0.900184585805025     
   5.33999999999997       0.900868946947428     
   5.35999999999997       0.901546465985036     
   5.37999999999997       0.902217207842761     
   5.39999999999997       0.902881285250928     
   5.41999999999997       0.903538776686231     
   5.43999999999997       0.904189767443322     
   5.45999999999997       0.904834333152772     
   5.47999999999997       0.905472572975306     
   5.49999999999997       0.906104551584601     
   5.51999999999997       0.906730357258924     
   5.53999999999997       0.907350068726588     
   5.55999999999997       0.907963755094939     
   5.57999999999997       0.908571509368440     
   5.59999999999997       0.909173398264976     
   5.61999999999997       0.909769487270908     
   5.63999999999997       0.910359857531651     
   5.65999999999997       0.910944580683612     
   5.67999999999997       0.911523727249363     
   5.69999999999997       0.912097366665887     
   5.71999999999997       0.912665558814958     
   5.73999999999997       0.913228388000335     
   5.75999999999997       0.913785903519359     
   5.77999999999996       0.914338179160345     
   5.79999999999996       0.914885287778174     
   5.81999999999996       0.915427275616877     
   5.83999999999996       0.915964213591026     
   5.85999999999996       0.916496163142747     
   5.87999999999996       0.917023184789754     
   5.89999999999996       0.917545329528286     
   5.91999999999996       0.918062673322862     
   5.93999999999996       0.918575256766348     
   5.95999999999996       0.919083145487420     
   5.97999999999996       0.919586404321005     
   5.99999999999996       0.920085071259647     
   6.01999999999996       0.920579209490127     
   6.03999999999996       0.921068872736163     
   6.05999999999996       0.921554113936280     
   6.07999999999996       0.922034985261083     
   6.09999999999996       0.922511529364832     
   6.11999999999996       0.922983814418957     
   6.13999999999996       0.923451872834041     
   6.15999999999996       0.923915771380664     
   6.17999999999996       0.924375540994848     
   6.19999999999996       0.924831238279551     
   6.21999999999996       0.925282910369994     
   6.23999999999995       0.925730612572957     
   6.25999999999995       0.926174373023039     
   6.27999999999995       0.926614245708491     
   6.29999999999995       0.927050266271968     
   6.31999999999995       0.927482496349744     
   6.33999999999995       0.927910970354358     
   6.35999999999995       0.928335722046935     
   6.37999999999995       0.928756811312126     
   6.39999999999995       0.929174261805379     
   6.41999999999995       0.929588132297388     
   6.43999999999995       0.929998445254647     
   6.45999999999995       0.930405249401288     
   6.47999999999995       0.930808583976582     
   6.49999999999995       0.931208496670031     
   6.51999999999995       0.931605007684777     
   6.53999999999995       0.931998154638623     
   6.55999999999995       0.932388001695398     
   6.57999999999995       0.932774558453449     
   6.59999999999995       0.933157861014073     
   6.61999999999995       0.933537963093766     
   6.63999999999995       0.933914890823754     
   6.65999999999995       0.934288669819134     
   6.67999999999995       0.934659352437539     
   6.69999999999995       0.935026954286042     
   6.71999999999994       0.935391517753451     
   6.73999999999994       0.935753084818189     
   6.75999999999994       0.936111669697711     
   6.77999999999994       0.936467313493897     
   6.79999999999994       0.936820047786917     
   6.81999999999994       0.937169912888395     
   6.83999999999994       0.937516912092714     
   6.85999999999994       0.937861112373324     
   6.87999999999994       0.938202507014567     
   6.89999999999994       0.938541153086655     
   6.91999999999994       0.938877070590524     
   6.93999999999994       0.939210288318744     
   6.95999999999994       0.939540834692883     
   6.97999999999994       0.939868728532728     
   6.99999999999994       0.940194015973597     
   7.01999999999994       0.940516705886294     
   7.03999999999994       0.940836843729299     
   7.05999999999994       0.941154437643880     
   7.07999999999994       0.941469532437411     
   7.09999999999994       0.941782135533132     
   7.11999999999994       0.942092281826924     
   7.13999999999994       0.942399996619457     
   7.15999999999994       0.942705314197753     
   7.17999999999993       0.943008240623937     
   7.19999999999993       0.943308809556501     
   7.21999999999993       0.943607045042672     
   7.23999999999993       0.943902970828424     
   7.25999999999993       0.944196610362045     
   7.27999999999993       0.944487986805698     
   7.29999999999993       0.944777123025117     
   7.31999999999993       0.945064032234854     
   7.33999999999993       0.945348755469839     
   7.35999999999993       0.945631305397234     
   7.37999999999993       0.945911703774065     
   7.39999999999993       0.946189972088156     
   7.41999999999993       0.946466122150868     
   7.43999999999993       0.946740193742225     
   7.45999999999993       0.947012188737305     
   7.47999999999993       0.947282137005413     
   7.49999999999993       0.947550068187230     
   7.51999999999993       0.947815983372403     
   7.53999999999993       0.948079921166996     
   7.55999999999993       0.948341882145232     
   7.57999999999993       0.948601895000183     
   7.59999999999993       0.948859978745591     
   7.61999999999993       0.949116161648124     
   7.63999999999993       0.949370443304679     
   7.65999999999992       0.949622851530163     
   7.67999999999992       0.949873404442378     
   7.69999999999992       0.950122119943390     
   7.71999999999992       0.950369015722572     
   7.73999999999992       0.950614109259596     
   7.75999999999992       0.950857417827376     
   7.77999999999992       0.951098958494964     
   7.79999999999992       0.951338748130400     
   7.81999999999992       0.951576803403512     
   7.83999999999992       0.951813131228710     
   7.85999999999992       0.952047767000740     
   7.87999999999992       0.952280717256861     
   7.89999999999992       0.952511988321040     
   7.91999999999992       0.952741615065850     
   7.93999999999992       0.952969603456727     
   7.95999999999992       0.953195959250680     
   7.97999999999992       0.953420716816853     
   7.99999999999992       0.953643871955094     
   8.01999999999992       0.953865458718237     
   8.03999999999992       0.954085472535698     
   8.05999999999992       0.954303937515809     
   8.07999999999992       0.954520877620352     
   8.09999999999992       0.954736287748720     
   8.11999999999992       0.954950191537254     
   8.13999999999992       0.955162612482920     
   8.15999999999991       0.955373544970276     
   8.17999999999991       0.955583012184513     
   8.19999999999991       0.955791027501669     
   8.21999999999991       0.955997604156231     
   8.23999999999991       0.956202755227031     
   8.25999999999991       0.956406503339340     
   8.27999999999991       0.956608841907943     
   8.29999999999991       0.956809783566407     
   8.31999999999991       0.957009369920598     
   8.33999999999991       0.957207574524841     
   8.35999999999991       0.957404438728018     
   8.37999999999991       0.957599964918960     
   8.39999999999991       0.957794165057659     
   8.41999999999991       0.957987050974710     
   8.43999999999991       0.958178634370380     
   8.45999999999991       0.958368926811739     
   8.47999999999991       0.958557929994127     
   8.49999999999991       0.958745674731637     
   8.51999999999991       0.958932162476739     
   8.53999999999991       0.959117404298718     
   8.55999999999991       0.959301401380175     
   8.57999999999991       0.959484174318079     
   8.59999999999991       0.959665743608545     
   8.61999999999991       0.959846110086650     
   8.63999999999990       0.960025274438318     
   8.65999999999990       0.960203266625841     
   8.67999999999990       0.960380077315173     
   8.69999999999990       0.960555736264756     
   8.71999999999990       0.960730233904860     
   8.73999999999990       0.960903599793796     
   8.75999999999990       0.961075824132165     
   8.77999999999990       0.961246926460227     
   8.79999999999990       0.961416926232934     
   8.81999999999990       0.961585813312183     
   8.83999999999990       0.961753606947059     
   8.85999999999990       0.961920316456771     
   8.87999999999990       0.962085951069158     
   8.89999999999990       0.962250519908861     
   8.91999999999990       0.962414041866398     
   8.93999999999990       0.962576506163280     
   8.95999999999990       0.962737931498304     
   8.97999999999990       0.962898326622554     
   8.99999999999990       0.963057700193834     
   9.01999999999990       0.963216060785946     
   9.03999999999990       0.963373416878923     
   9.05999999999990       0.963529776867306     
   9.07999999999990       0.963685149054946     
   9.09999999999989       0.963839541666386     
   9.11999999999989       0.963992962838974     
   9.13999999999989       0.964145420624730     
   9.15999999999989       0.964296922995607     
   9.17999999999989       0.964447467919507     
   9.19999999999989       0.964597092966667     
   9.21999999999989       0.964745766178030     
   9.23999999999989       0.964893524977917     
   9.25999999999989       0.965040367017025     
   9.27999999999989       0.965186289848267     
   9.29999999999989       0.965331320771156     
   9.31999999999989       0.965475457197743     
   9.33999999999989       0.965618696443293     
   9.35999999999989       0.965761065612216     
   9.37999999999989       0.965902561882283     
   9.39999999999989       0.966043182340186     
   9.41999999999989       0.966182953901664     
   9.43999999999989       0.966321873522280     
   9.45999999999989       0.966459938067210     
   9.47999999999989       0.966597174270243     
   9.49999999999989       0.966733568880394     
   9.51999999999989       0.966869148513441     
   9.53999999999989       0.967003899770244     
   9.55999999999989       0.967137849152765     
   9.57999999999988       0.967270983115714     
   9.59999999999988       0.967403318045126     
   9.61999999999988       0.967534860262860     
   9.63999999999988       0.967665626044460     
   9.65999999999988       0.967795601568655     
   9.67999999999988       0.967924802989097     
   9.69999999999988       0.968053246408265     
   9.71999999999988       0.968180917804181     
   9.73999999999988       0.968307833163748     
   9.75999999999988       0.968434008426267     
   9.77999999999988       0.968559429373863     
   9.79999999999988       0.968684111831488     
   9.81999999999988       0.968808061537675     
   9.83999999999988       0.968931284172223     
   9.85999999999988       0.969053785363541     
   9.87999999999988       0.969175580741784     
   9.89999999999988       0.969296655716038     
   9.91999999999988       0.969417025808712     
   9.93999999999988       0.969536696434559     
   9.95999999999988       0.969655672960913     
   9.97999999999988       0.969773960695820     
   9.99999999999988       0.969891564904973     
   10.0199999999999       0.970008490800744     
   10.0399999999999       0.970124743551118     
   10.0599999999999       0.970240328264993     
   10.0799999999999       0.970355250012986     
   10.0999999999999       0.970469513814832     
   10.1199999999999       0.970583124643253     
   10.1399999999999       0.970696077323851     
   10.1599999999999       0.970808396934184     
   10.1799999999999       0.970920078212283     
   10.1999999999999       0.971031125949261     
   10.2199999999999       0.971141544887346     
   10.2399999999999       0.971251339729786     
   10.2599999999999       0.971360505014025     
   10.2799999999999       0.971469065591473     
   10.2999999999999       0.971577015918289     
   10.3199999999999       0.971684350396701     
   10.3399999999999       0.971791093766858     
   10.3599999999999       0.971897240352676     
   10.3799999999999       0.972002794563770     
   10.3999999999999       0.972107750616368     
   10.4199999999999       0.972212133124309     
   10.4399999999999       0.972315936237550     
   10.4599999999999       0.972419154045354     
   10.4799999999999       0.972521811065447     
   10.4999999999999       0.972623891156195     
   10.5199999999999       0.972725418767162     
   10.5399999999999       0.972826377678756     
   10.5599999999999       0.972926792269466     
   10.5799999999999       0.973026646237793     
   10.5999999999999       0.973125963900804     
   10.6199999999999       0.973224728873641     
   10.6399999999999       0.973322965413978     
   10.6599999999999       0.973420657054636     
   10.6799999999999       0.973517827996686     
   10.6999999999999       0.973614471876237     
   10.7199999999999       0.973710582280296     
   10.7399999999999       0.973806173137124     
   10.7599999999999       0.973901248160410     
   10.7799999999999       0.973995821225135     
   10.7999999999999       0.974089875580510     
   10.8199999999999       0.974183425042162     
   10.8399999999999       0.974276483393446     
   10.8599999999999       0.974369033778051     
   10.8799999999999       0.974461100128858     
   10.8999999999999       0.974552665514409     
   10.9199999999999       0.974643743599059     
   10.9399999999999       0.974734337815884     
   10.9599999999999       0.974824451560691     
   10.9799999999999       0.974914098425854     
   10.9999999999999       0.975003261304411     
   11.0199999999999       0.975091953725906     
   11.0399999999999       0.975180178976880     
   11.0599999999999       0.975267940308603     
   11.0799999999999       0.975355251184005     
   11.0999999999999       0.975442084085445     
   11.1199999999999       0.975528483140259     
   11.1399999999999       0.975614420771348     
   11.1599999999999       0.975699910334211     
   11.1799999999999       0.975784954915211     
   11.1999999999999       0.975869557581280     
   11.2199999999998       0.975953721368370     
   11.2399999999998       0.976037449283639     
   11.2599999999998       0.976120744315664     
   11.2799999999998       0.976203609424468     
   11.2999999999998       0.976286047543221     
   11.3199999999998       0.976368061579618     
   11.3399999999998       0.976449654424399     
   11.3599999999998       0.976530828935468     
   11.3799999999998       0.976611587947630     
   11.3999999999998       0.976691934279102     
   11.4199999999998       0.976771870716447     
   11.4399999999998       0.976851389742874     
   11.4599999999998       0.976930514664257     
   11.4799999999998       0.977009237920512     
   11.4999999999998       0.977087562209341     
   11.5199999999998       0.977165490207267     
   11.5399999999998       0.977243024565458     
   11.5599999999998       0.977320167911950     
   11.5799999999998       0.977396922860845     
   11.5999999999998       0.977473281693929     
   11.6199999999998       0.977549267580654     
   11.6399999999998       0.977624872765540     
   11.6599999999998       0.977700089462872     
   11.6799999999998       0.977774940790263     
   11.6999999999998       0.977849418925157     
   11.7199999999998       0.977923526331763     
   11.7399999999998       0.977997255132089     
   11.7599999999998       0.978070628381268     
   11.7799999999998       0.978143638167358     
   11.7999999999998       0.978216276547415     
   11.8199999999998       0.978288566530682     
   11.8399999999998       0.978360500142547     
   11.8599999999998       0.978432069376797     
   11.8799999999998       0.978503297196601     
   11.8999999999998       0.978574175563848     
   11.9199999999998       0.978644696408747     
   11.9399999999998       0.978714882656960     
   11.9599999999998       0.978784715862805     
   11.9799999999998       0.978854218923497     
