   0.00000000000000       1.000514101528405E-002
  2.000000000000000E-002  1.000713978639093E-002
  4.000000000000000E-002  1.001313849352554E-002
  6.000000000000000E-002  1.002314432304966E-002
  8.000000000000000E-002  1.003716926807954E-002
  0.100000000000000       1.005523015243301E-002
  0.120000000000000       1.007734866422390E-002
  0.140000000000000       1.010355139910104E-002
  0.160000000000000       1.013386991350264E-002
  0.180000000000000       1.016834078781162E-002
  0.200000000000000       1.020700569975985E-002
  0.220000000000000       1.024991150821671E-002
  0.240000000000000       1.029711034761269E-002
  0.260000000000000       1.034865973325966E-002
  0.280000000000000       1.040462267785412E-002
  0.300000000000000       1.046506781955679E-002
  0.320000000000000       1.053006956183300E-002
  0.340000000000000       1.059970822573060E-002
  0.360000000000000       1.067407021474616E-002
  0.380000000000000       1.075324819294252E-002
  0.400000000000000       1.083734127668598E-002
  0.420000000000000       1.092645524073783E-002
  0.440000000000000       1.102070273912450E-002
  0.460000000000000       1.112020354140524E-002
  0.480000000000000       1.122508478528847E-002
  0.500000000000000       1.133548124593518E-002
  0.520000000000000       1.145153562317575E-002
  0.540000000000000       1.157339884704133E-002
  0.560000000000000       1.170123040295211E-002
  0.580000000000000       1.183519867715981E-002
  0.600000000000000       1.197548132368934E-002
  0.620000000000000       1.212226565389687E-002
  0.640000000000000       1.227574904958330E-002
  0.660000000000000       1.243613940125545E-002
  0.680000000000000       1.260365557259452E-002
  0.700000000000000       1.277852789276465E-002
  0.720000000000000       1.296099867786196E-002
  0.740000000000000       1.315132278333636E-002
  0.760000000000000       1.334976818885680E-002
  0.780000000000000       1.355661661794783E-002
  0.800000000000000       1.377216419355146E-002
  0.820000000000000       1.399672213236214E-002
  0.840000000000000       1.423061747982972E-002
  0.860000000000000       1.447419388790682E-002
  0.880000000000000       1.472781243870551E-002
  0.900000000000000       1.499185251603572E-002
  0.920000000000000       1.526671272810374E-002
  0.940000000000001       1.555281188421643E-002
  0.960000000000001       1.585059002872795E-002
  0.980000000000001       1.616050953559381E-002
   1.00000000000000       1.648305626741112E-002
   1.02000000000000       1.681874080213716E-002
   1.04000000000000       1.716809973263408E-002
   1.06000000000000       1.753169704239458E-002
   1.08000000000000       1.791012556239610E-002
   1.10000000000000       1.830400851487964E-002
   1.12000000000000       1.871400114744878E-002
   1.14000000000000       1.914079246487567E-002
   1.16000000000000       1.958510706379604E-002
   1.18000000000000       2.004770707585750E-002
   1.20000000000000       2.052939422765816E-002
   1.22000000000000       2.103101202280381E-002
   1.24000000000000       2.155344805470960E-002
   1.26000000000000       2.209763645768533E-002
   1.28000000000000       2.266456050469742E-002
   1.30000000000000       2.325525536141836E-002
   1.32000000000000       2.387081100419675E-002
   1.34000000000000       2.451237531499265E-002
   1.36000000000000       2.518115735988652E-002
   1.38000000000000       2.587843086731264E-002
   1.40000000000000       2.660553791193014E-002
   1.42000000000000       2.736389282160523E-002
   1.44000000000000       2.815498631867264E-002
   1.46000000000000       2.898038990698208E-002
   1.48000000000000       2.984176052405793E-002
   1.50000000000000       3.074084546822673E-002
   1.52000000000000       3.167948761974569E-002
   1.54000000000000       3.265963097065246E-002
   1.56000000000000       3.368332648254556E-002
   1.58000000000000       3.475273828431059E-002
   1.60000000000000       3.587015023646184E-002
   1.62000000000000       3.703797287173267E-002
   1.64000000000000       3.825875073633806E-002
   1.66000000000000       3.953517014805955E-002
   1.68000000000000       4.087006739404941E-002
   1.70000000000000       4.226643737730038E-002
   1.72000000000000       4.372744274528943E-002
   1.74000000000000       4.525642350246849E-002
   1.76000000000000       4.685690713268740E-002
   1.78000000000000       4.853261924085911E-002
   1.80000000000000       5.028749473173477E-002
   1.82000000000000       5.212568952396911E-002
   1.84000000000000       5.405159281412296E-002
   1.86000000000000       5.606983988519790E-002
   1.88000000000000       5.818532545373990E-002
   1.90000000000000       6.040321753838615E-002
   1.92000000000000       6.272897183582041E-002
   1.94000000000000       6.516834654484968E-002
   1.96000000000000       6.772741762329458E-002
   1.98000000000000       7.041259436057722E-002
   2.00000000000000       7.323063522716572E-002
   2.02000000000000       7.618866386768877E-002
   2.04000000000000       7.929418507430111E-002
   2.06000000000000       8.255510058849717E-002
   2.08000000000000       8.597972452943145E-002
   2.10000000000000       8.957679808985367E-002
   2.12000000000000       9.335550336653300E-002
   2.14000000000000       9.732547563411031E-002
   2.16000000000000       0.101496813985345     
   2.18000000000000       0.105880089417145     
   2.20000000000000       0.110486349946078     
   2.22000000000000       0.115327121899748     
   2.24000000000000       0.120414406486529     
   2.26000000000000       0.125760670687823     
   2.28000000000000       0.131378831095520     
   2.30000000000000       0.137282229602906     
   2.32000000000000       0.143484598962026     
   2.34000000000000       0.150000017021670     
   2.36000000000000       0.156842847064321     
   2.38000000000000       0.164027662664671     
   2.40000000000000       0.171569153905851     
   2.42000000000000       0.179482013683473     
   2.44000000000000       0.187780799652607     
   2.46000000000000       0.196479770956670     
   2.48000000000000       0.205592695498389     
   2.50000000000000       0.215132625950130     
   2.52000000000000       0.225111642416078     
   2.54000000000000       0.235540559074398     
   2.56000000000000       0.246428595365585     
   2.58000000000000       0.257783010416074     
   2.60000000000000       0.269608703650087     
   2.62000000000000       0.281907784335868     
   2.64000000000000       0.294679118646095     
   2.66000000000000       0.307917857676351     
   2.68000000000000       0.321614966036447     
   2.70000000000000       0.335756759722818     
   2.72000000000000       0.350324478591418     
   2.74000000000000       0.365293908330349     
   2.76000000000000       0.380635089411142     
   2.78000000000000       0.396312126532090     
   2.80000000000000       0.412283136181821     
   2.82000000000000       0.428500357072301     
   2.84000000000000       0.444910444305861     
   2.86000000000000       0.461454962482795     
   2.88000000000000       0.478071087845425     
   2.90000000000000       0.494692517847519     
   2.92000000000000       0.511250560245508     
   2.94000000000000       0.527675385307096     
   2.96000000000000       0.543897387308332     
   2.98000000000000       0.559848599429895     
   3.00000000000000       0.575464103155653     
   3.02000000000000       0.590683382063578     
   3.04000000000000       0.605451508038452     
   3.06000000000000       0.619720179673520     
   3.08000000000000       0.633448492108492     
   3.10000000000000       0.646603457564298     
   3.12000000000000       0.659160270438752     
   3.14000000000000       0.671102272082610     
   3.16000000000000       0.682420701340440     
   3.18000000000000       0.693114207431223     
   3.20000000000000       0.703188212889714     
   3.22000000000000       0.712654140154668     
   3.24000000000000       0.721528566799023     
   3.26000000000000       0.729832331759215     
   3.28000000000000       0.737589667607271     
   3.30000000000000       0.744827354692759     
   3.32000000000000       0.751573939129724     
   3.34000000000000       0.757859032388573     
   3.36000000000000       0.763712680977619     
   3.38000000000000       0.769164848514243     
   3.40000000000000       0.774244994540200     
   3.42000000000000       0.778981698892610     
   3.44000000000000       0.783402410864337     
   3.46000000000000       0.787533247474291     
   3.48000000000000       0.791398863534959     
   3.50000000000000       0.795022350131709     
   3.52000000000000       0.798425226582647     
   3.54000000000000       0.801627419081419     
   3.56000000000000       0.804647292137317     
   3.58000000000000       0.807501702109751     
   3.60000000000000       0.810206040366968     
   3.62000000000000       0.812774340099120     
   3.64000000000000       0.815219337875660     
   3.66000000000000       0.817552565304616     
   3.68000000000000       0.819784436781204     
   3.70000000000000       0.821924336604402     
   3.72000000000000       0.823980703972637     
   3.74000000000000       0.825961109048409     
   3.76000000000000       0.827872353175544     
   3.78000000000000       0.829720502642483     
   3.80000000000000       0.831511002278232     
   3.82000000000000       0.833248699179002     
   3.84000000000000       0.834937918105149     
   3.86000000000000       0.836582532825682     
   3.88000000000000       0.839044054176608     
   3.90000000000000       0.840491828518353     
   3.92000000000000       0.841919476194546     
   3.94000000000000       0.843327851601333     
   3.96000000000000       0.844717445941588     
   3.98000000000000       0.846088675295564     
   4.00000000000000       0.847441898179223     
   4.02000000000000       0.848777472633153     
   4.04000000000000       0.850095733692668     
   4.06000000000000       0.851396994266390     
   4.08000000000000       0.852681564294149     
   4.10000000000000       0.853949751542502     
   4.12000000000000       0.855201837249268     
   4.14000000000000       0.856438107571670     
   4.16000000000000       0.857658841620279     
   4.18000000000000       0.858864299131565     
   4.20000000000000       0.860054752306356     
   4.22000000000000       0.861230441768952     
   4.24000000000000       0.862391627603337     
   4.26000000000000       0.863538545021769     
   4.28000000000000       0.864671436522165     
   4.30000000000000       0.865790526373063     
   4.32000000000000       0.866896046616153     
   4.34000000000000       0.867988217859188     
   4.35999999999999       0.869067255890931     
   4.37999999999999       0.870133371828850     
   4.39999999999999       0.871186765655070     
   4.41999999999999       0.872227652780357     
   4.43999999999999       0.873256231235497     
   4.45999999999999       0.874272681556123     
   4.47999999999999       0.875277200201966     
   4.49999999999999       0.876269979839345     
   4.51999999999999       0.877251195936266     
   4.53999999999999       0.878221033740489     
   4.55999999999999       0.879179661422182     
   4.57999999999999       0.880127250396290     
   4.59999999999999       0.881063975537562     
   4.61999999999999       0.881989994778594     
   4.63999999999999       0.882905476526067     
   4.65999999999999       0.883810572329167     
   4.67999999999999       0.884705444452416     
   4.69999999999999       0.885590238383563     
   4.71999999999999       0.886465110555213     
   4.73999999999999       0.887330200687107     
   4.75999999999999       0.888185659666706     
   4.77999999999999       0.889031628747768     
   4.79999999999999       0.889868246553941     
   4.81999999999999       0.890695635013209     
   4.83999999999998       0.891513948822473     
   4.85999999999998       0.892323304939411     
   4.87999999999998       0.893123839151152     
   4.89999999999998       0.893915677848487     
   4.91999999999998       0.894698937974807     
   4.93999999999998       0.895473748536321     
   4.95999999999998       0.896240229233069     
   4.97999999999998       0.896998490418678     
   4.99999999999998       0.897748654765056     
   5.01999999999998       0.898490835727630     
   5.03999999999998       0.899225144768299     
   5.05999999999998       0.899951684111971     
   5.07999999999998       0.900670568623319     
   5.09999999999998       0.901381904048935     
   5.11999999999998       0.902085794308358     
   5.13999999999998       0.902782334177968     
   5.15999999999998       0.903471631372053     
   5.17999999999998       0.904153784565757     
   5.19999999999998       0.904828890760680     
   5.21999999999998       0.905497037896462     
   5.23999999999998       0.906158334557375     
   5.25999999999998       0.906812858062858     
   5.27999999999998       0.907460706480267     
   5.29999999999997       0.908101968941438     
   5.31999999999997       0.908736733103022     
   5.33999999999997       0.909365077644964     
   5.35999999999997       0.909987102384279     
   5.37999999999997       0.910602868105838     
   5.39999999999997       0.911212479449350     
   5.41999999999997       0.911816009574913     
   5.43999999999997       0.912413537870334     
   5.45999999999997       0.913005134822735     
   5.47999999999997       0.913590892485450     
   5.49999999999997       0.914170871230499     
   5.51999999999997       0.914745153065323     
   5.53999999999997       0.915313811204929     
   5.55999999999997       0.915876910009645     
   5.57999999999997       0.916434535740605     
   5.59999999999997       0.916986750513575     
   5.61999999999997       0.917533615291253     
   5.63999999999997       0.918075205378523     
   5.65999999999997       0.918611587332427     
   5.67999999999997       0.919142826665363     
   5.69999999999997       0.919668987871651     
   5.71999999999997       0.920190126660129     
   5.73999999999997       0.920706321117847     
   5.75999999999997       0.921217617204631     
   5.77999999999996       0.921724083322201     
   5.79999999999996       0.922225786995233     
   5.81999999999996       0.922722771327169     
   5.83999999999996       0.923215102026265     
   5.85999999999996       0.923702836096287     
   5.87999999999996       0.924186029675840     
   5.89999999999996       0.924664730157262     
   5.91999999999996       0.925139007806841     
   5.93999999999996       0.925608900446714     
   5.95999999999996       0.926074468835065     
   5.97999999999996       0.926535772985597     
   5.99999999999996       0.926992848292466     
   6.01999999999996       0.927445753229216     
   6.03999999999996       0.927894537580775     
   6.05999999999996       0.928339250398448     
   6.07999999999996       0.928779940016121     
   6.09999999999996       0.929216646033718     
   6.11999999999996       0.929649431422013     
   6.13999999999996       0.930078326368493     
   6.15999999999996       0.930503392533973     
   6.17999999999996       0.930924658731690     
   6.19999999999996       0.931342177281705     
   6.21999999999996       0.931755991817300     
   6.23999999999995       0.932166153446756     
   6.25999999999995       0.932572688373846     
   6.27999999999995       0.932975646477642     
   6.29999999999995       0.933375060820497     
   6.31999999999995       0.933770988265777     
   6.33999999999995       0.934163460728651     
   6.35999999999995       0.934552509519131     
   6.37999999999995       0.934938189865328     
   6.39999999999995       0.935320523802810     
   6.41999999999995       0.935699565520029     
   6.43999999999995       0.936075335947001     
   6.45999999999995       0.936447880053279     
   6.47999999999995       0.936817234113245     
   6.49999999999995       0.937183442130982     
   6.51999999999995       0.937546522932908     
   6.53999999999995       0.937906511285424     
   6.55999999999995       0.938263466253151     
   6.57999999999995       0.938617396930743     
   6.59999999999995       0.938968336673649     
   6.61999999999995       0.939316334957309     
   6.63999999999995       0.939661415993884     
   6.65999999999995       0.940003603517273     
   6.67999999999995       0.940342945736875     
   6.69999999999995       0.940679457211697     
   6.71999999999994       0.941013177011932     
   6.73999999999994       0.941344143824882     
   6.75999999999994       0.941672370920418     
   6.77999999999994       0.941997896171754     
   6.79999999999994       0.942320748730333     
   6.81999999999994       0.942640965733337     
   6.83999999999994       0.942958550432550     
   6.85999999999994       0.943273564355810     
   6.87999999999994       0.943586001584020     
   6.89999999999994       0.943895914569711     
   6.91999999999994       0.944203321834855     
   6.93999999999994       0.944508249942521     
   6.95999999999994       0.944810725111424     
   6.97999999999994       0.945110764769519     
   6.99999999999994       0.945408411335113     
   7.01999999999994       0.945703673123497     
   7.03999999999994       0.945996591923763     
   7.05999999999994       0.946287175375802     
   7.07999999999994       0.946575464663465     
   7.09999999999994       0.946861466762170     
   7.11999999999994       0.947145213778888     
   7.13999999999994       0.947426729037575     
   7.15999999999994       0.947706044079194     
   7.17999999999993       0.947983164619888     
   7.19999999999993       0.948258121618285     
   7.21999999999993       0.948530937236541     
   7.23999999999993       0.948801633357657     
   7.25999999999993       0.949070231588817     
   7.27999999999993       0.949336753272049     
   7.29999999999993       0.949601219474873     
   7.31999999999993       0.949863642434114     
   7.33999999999993       0.950124059829316     
   7.35999999999993       0.950382483390053     
   7.37999999999993       0.950638933157006     
   7.39999999999993       0.950893428921624     
   7.41999999999993       0.951145981622881     
   7.43999999999993       0.951396627775456     
   7.45999999999993       0.951645369225656     
   7.47999999999993       0.951892233418605     
   7.49999999999993       0.952137247586856     
   7.51999999999993       0.952380412851409     
   7.53999999999993       0.952621764637790     
   7.55999999999993       0.952861303591244     
   7.57999999999993       0.953099056067227     
   7.59999999999993       0.953335039567604     
   7.61999999999993       0.953569280052133     
   7.63999999999993       0.953801777264127     
   7.65999999999992       0.954032556745773     
   7.67999999999992       0.954261635170369     
   7.69999999999992       0.954489029011735     
   7.71999999999992       0.954714754547050     
   7.73999999999992       0.954938827859629     
   7.75999999999992       0.955161264841664     
   7.77999999999992       0.955382081196914     
   7.79999999999992       0.955601292443356     
   7.81999999999992       0.955818913915788     
   7.83999999999992       0.956034952029271     
   7.85999999999992       0.956249439232066     
   7.87999999999992       0.956462381590533     
   7.89999999999992       0.956673784974901     
   7.91999999999992       0.956883681349616     
   7.93999999999992       0.957092076253462     
   7.95999999999992       0.957298975033639     
   7.97999999999992       0.957504409188273     
   7.99999999999992       0.957708374960189     
   8.01999999999992       0.957910903554475     
   8.03999999999992       0.958111990872793     
   8.05999999999992       0.958311659027632     
   8.07999999999992       0.958509929995377     
   8.09999999999992       0.958706799189606     
   8.11999999999992       0.958902288286439     
   8.13999999999992       0.959096418832558     
   8.15999999999991       0.959289185767597     
   8.17999999999991       0.959480610350641     
   8.19999999999991       0.959670704874793     
   8.21999999999991       0.959859481502455     
   8.23999999999991       0.960046952252468     
   8.25999999999991       0.960233137865863     
   8.27999999999991       0.960418032389853     
   8.29999999999991       0.960601647433011     
   8.31999999999991       0.960784021076143     
   8.33999999999991       0.960965129215989     
   8.35999999999991       0.961145009695723     
   8.37999999999991       0.961323664757584     
   8.39999999999991       0.961501105388344     
   8.41999999999991       0.961677342455420     
   8.43999999999991       0.961852386706060     
   8.45999999999991       0.962026248764736     
   8.47999999999991       0.962198930235690     
   8.49999999999991       0.962370459326211     
   8.51999999999991       0.962540837416456     
   8.53999999999991       0.962710074671990     
   8.55999999999991       0.962878172225103     
   8.57999999999991       0.963045148943993     
   8.59999999999991       0.963211023603239     
   8.61999999999991       0.963375797014801     
   8.63999999999990       0.963539469853990     
   8.65999999999990       0.963702069540129     
   8.67999999999990       0.963863587593352     
   8.69999999999990       0.964024051244503     
   8.71999999999990       0.964183451797211     
   8.73999999999990       0.964341816297309     
   8.75999999999990       0.964499135837479     
   8.77999999999990       0.964655428310550     
   8.79999999999990       0.964810711530139     
   8.81999999999990       0.964964976277908     
   8.83999999999990       0.965118240178009     
   8.85999999999990       0.965270511783520     
   8.87999999999990       0.965421799563323     
   8.89999999999990       0.965572111891315     
   8.91999999999990       0.965721466060366     
   8.93999999999990       0.965869852264267     
   8.95999999999990       0.966017287619510     
   8.97999999999990       0.966163780156022     
   8.99999999999990       0.966309337817872     
   9.01999999999990       0.966453968471757     
   9.03999999999990       0.966597679898090     
   9.05999999999990       0.966740479798573     
   9.07999999999990       0.966882375791465     
   9.09999999999989       0.967023375421981     
   9.11999999999989       0.967163486155111     
   9.13999999999989       0.967302715377325     
   9.15999999999989       0.967441070401394     
   9.17999999999989       0.967578549403784     
   9.19999999999989       0.967715186725395     
   9.21999999999989       0.967850953212389     
   9.23999999999989       0.967985883070999     
   9.25999999999989       0.968119974185942     
   9.27999999999989       0.968253224352545     
   9.29999999999989       0.968385658528824     
   9.31999999999989       0.968517274380353     
   9.33999999999989       0.968648069484245     
   9.35999999999989       0.968778068618237     
   9.37999999999989       0.968907269232819     
   9.39999999999989       0.969035668695256     
   9.41999999999989       0.969163291608968     
   9.43999999999989       0.969290135220460     
   9.45999999999989       0.969416196693661     
   9.47999999999989       0.969541500463897     
   9.49999999999989       0.969666034457686     
   9.51999999999989       0.969789823001340     
   9.53999999999989       0.969912853885649     
   9.55999999999989       0.970035151331778     
   9.57999999999988       0.970156702996648     
   9.59999999999988       0.970277523864495     
   9.61999999999988       0.970397619730400     
   9.63999999999988       0.970517005476455     
   9.65999999999988       0.970635668506817     
   9.67999999999988       0.970753623591629     
   9.69999999999988       0.970870885453573     
   9.71999999999988       0.970987441313017     
   9.73999999999988       0.971103305786497     
   9.75999999999988       0.971218493446367     
   9.77999999999988       0.971332991333652     
   9.79999999999988       0.971446813915717     
   9.81999999999988       0.971559966451471     
   9.83999999999988       0.971672454145876     
   9.85999999999988       0.971784282156651     
   9.87999999999988       0.971895464771387     
   9.89999999999988       0.972005988689674     
   9.91999999999988       0.972115868100207     
   9.93999999999988       0.972225107964411     
   9.95999999999988       0.972333713200130     
   9.97999999999988       0.972441688670785     
   9.99999999999988       0.972549039200846     
   10.0199999999999       0.972655769565827     
   10.0399999999999       0.972761884500437     
   10.0599999999999       0.972867388685172     
   10.0799999999999       0.972972286765314     
   10.0999999999999       0.973076583339431     
   10.1199999999999       0.973180282962907     
   10.1399999999999       0.973283380929089     
   10.1599999999999       0.973385900143606     
   10.1799999999999       0.973487835819279     
   10.1999999999999       0.973589192344705     
   10.2199999999999       0.973689974063619     
   10.2399999999999       0.973790185283933     
   10.2599999999999       0.973889821034977     
   10.2799999999999       0.973988904013525     
   10.2999999999999       0.974087429174169     
   10.3199999999999       0.974185391422367     
   10.3399999999999       0.974282813352188     
   10.3599999999999       0.974379689797091     
   10.3799999999999       0.974476024795392     
   10.3999999999999       0.974571813082222     
   10.4199999999999       0.974667077134883     
   10.4399999999999       0.974761811627527     
   10.4599999999999       0.974856011179012     
   10.4799999999999       0.974949698177852     
   10.4999999999999       0.975042857905603     
   10.5199999999999       0.975135512687874     
   10.5399999999999       0.975227647734987     
   10.5599999999999       0.975319285307007     
   10.5799999999999       0.975410410539423     
   10.5999999999999       0.975501045635579     
   10.6199999999999       0.975591175654816     
   10.6399999999999       0.975680822745627     
   10.6599999999999       0.975769971892163     
   10.6799999999999       0.975858645190620     
   10.6999999999999       0.975946836844735     
   10.7199999999999       0.976034541013545     
   10.7399999999999       0.976121770418116     
   10.7599999999999       0.976208528458077     
   10.7799999999999       0.976294827805195     
   10.7999999999999       0.976380653184636     
   10.8199999999999       0.976466017213754     
   10.8399999999999       0.976550932480027     
   10.8599999999999       0.976635383612279     
   10.8799999999999       0.976719392458971     
   10.8999999999999       0.976802943580324     
   10.9199999999999       0.976886049454567     
   10.9399999999999       0.976968713223890     
   10.9599999999999       0.977050937996339     
   10.9799999999999       0.977132736183629     
   10.9999999999999       0.977214092185798     
   11.0199999999999       0.977295018357023     
   11.0399999999999       0.977375517705100     
   11.0599999999999       0.977455593205508     
   11.0799999999999       0.977535257150858     
   11.0999999999999       0.977614484442382     
   11.1199999999999       0.977693315350942     
   11.1399999999999       0.977771724723460     
   11.1599999999999       0.977849724753955     
   11.1799999999999       0.977927318266687     
   11.1999999999999       0.978004508068068     
   11.2199999999998       0.978081296936120     
   11.2399999999998       0.978157687622484     
   11.2599999999998       0.978233682861730     
   11.2799999999998       0.978309285362262     
   11.2999999999998       0.978384497807875     
   11.3199999999998       0.978459322859007     
   11.3399999999998       0.978533763160522     
   11.3599999999998       0.978607821327219     
   11.3799999999998       0.978681499952713     
   11.3999999999998       0.978754801615386     
   11.4199999999998       0.978827728864633     
   11.4399999999998       0.978900274849929     
   11.4599999999998       0.978972460840438     
   11.4799999999998       0.979044279945877     
   11.4999999999998       0.979115734634179     
   11.5199999999998       0.979186827353854     
   11.5399999999998       0.979257560530189     
   11.5599999999998       0.979327936567274     
   11.5799999999998       0.979397957856394     
   11.5999999999998       0.979467617362957     
   11.6199999999998       0.979536936229999     
   11.6399999999998       0.979605907388697     
   11.6599999999998       0.979674523742783     
   11.6799999999998       0.979742806387405     
   11.6999999999998       0.979810748192456     
   11.7199999999998       0.979878351411870     
   11.7399999999998       0.979945608865076     
   11.7599999999998       0.980012541589455     
   11.7799999999998       0.980079142373250     
   11.7999999999998       0.980145403976562     
   11.8199999999998       0.980211347394344     
   11.8399999999998       0.980276965357600     
   11.8599999999998       0.980342250568640     
   11.8799999999998       0.980407223979840     
   11.8999999999998       0.980471878264214     
   11.9199999999998       0.980536206066008     
   11.9399999999998       0.980600228302852     
   11.9599999999998       0.980663928154232     
   11.9799999999998       0.980727326511478     
