   0.00000000000000       3.162479133424252E-002
  2.000000000000000E-002  3.163110346968882E-002
  4.000000000000000E-002  3.165004741525985E-002
  6.000000000000000E-002  3.168164580402567E-002
  8.000000000000000E-002  3.172593640726767E-002
  0.100000000000000       3.178297220928003E-002
  0.120000000000000       3.185282151229729E-002
  0.140000000000000       3.193556807152907E-002
  0.160000000000000       3.203131126145907E-002
  0.180000000000000       3.214016627302978E-002
  0.200000000000000       3.226226434279078E-002
  0.220000000000000       3.239775301441403E-002
  0.240000000000000       3.254679643333883E-002
  0.260000000000000       3.270957567534025E-002
  0.280000000000000       3.288628910988635E-002
  0.300000000000000       3.307715279948461E-002
  0.320000000000000       3.328240093555019E-002
  0.340000000000000       3.350228631287878E-002
  0.360000000000000       3.373708084313803E-002
  0.380000000000000       3.398707610940151E-002
  0.400000000000000       3.425258396281115E-002
  0.420000000000000       3.453393716359938E-002
  0.440000000000000       3.483149006771454E-002
  0.460000000000000       3.514561936089311E-002
  0.480000000000000       3.547672484306066E-002
  0.500000000000000       3.582523026399248E-002
  0.520000000000000       3.619158421395367E-002
  0.540000000000000       3.657626107041374E-002
  0.560000000000000       3.697976200488248E-002
  0.580000000000000       3.740261605153935E-002
  0.600000000000000       3.784538124134638E-002
  0.620000000000000       3.830864580490396E-002
  0.640000000000000       3.879302944671312E-002
  0.660000000000000       3.929918469553361E-002
  0.680000000000000       3.982779833380535E-002
  0.700000000000000       4.037959291086277E-002
  0.720000000000000       4.095532834357151E-002
  0.740000000000000       4.155580360963609E-002
  0.760000000000000       4.218185853761974E-002
  0.780000000000000       4.283437570034803E-002
  0.800000000000000       4.351428241457847E-002
  0.820000000000000       4.422255285506767E-002
  0.840000000000000       4.496021028805141E-002
  0.860000000000000       4.572832942960452E-002
  0.880000000000000       4.652803893763979E-002
  0.900000000000000       4.736052404238802E-002
  0.920000000000000       4.822702932413912E-002
  0.940000000000001       4.912886164545723E-002
  0.960000000000001       5.006739324608486E-002
  0.980000000000001       5.104406500889160E-002
   1.00000000000000       5.206038990654525E-002
   1.02000000000000       5.311795663607806E-002
   1.04000000000000       5.421843345429776E-002
   1.06000000000000       5.536357222090068E-002
   1.08000000000000       5.655521266066171E-002
   1.10000000000000       5.779528685817249E-002
   1.12000000000000       5.908582399038603E-002
   1.14000000000000       6.042895531404759E-002
   1.16000000000000       6.182691941729364E-002
   1.18000000000000       6.328206774493145E-002
   1.20000000000000       6.479687041452190E-002
   1.22000000000000       6.637392232964338E-002
   1.24000000000000       6.801594960563223E-002
   1.26000000000000       6.972581631800218E-002
   1.28000000000000       7.150653158451947E-002
   1.30000000000000       7.336125699354312E-002
   1.32000000000000       7.529331438251781E-002
   1.34000000000000       7.730619398462391E-002
   1.36000000000000       7.940356293808144E-002
   1.38000000000000       8.158927417877318E-002
   1.40000000000000       8.386737570039382E-002
   1.42000000000000       8.624212019762692E-002
   1.44000000000000       8.871797508236165E-002
   1.46000000000000       9.129963285751042E-002
   1.48000000000000       9.399202184998275E-002
   1.50000000000000       9.680031726613311E-002
   1.52000000000000       9.972995255190358E-002
   1.54000000000000       0.102786631015132     
   1.56000000000000       0.105976337668650     
   1.58000000000000       0.109305351215643     
   1.60000000000000       0.112780256127652     
   1.62000000000000       0.116407954693319     
   1.64000000000000       0.120195678940248     
   1.66000000000000       0.124151002281799     
   1.68000000000000       0.128281850733368     
   1.70000000000000       0.132596513467653     
   1.72000000000000       0.137103652518420     
   1.74000000000000       0.141812311303189     
   1.76000000000000       0.146731921665389     
   1.78000000000000       0.151872309033827     
   1.80000000000000       0.157243695267286     
   1.82000000000000       0.162856698629255     
   1.84000000000000       0.168722330320104     
   1.86000000000000       0.174851986858211     
   1.88000000000000       0.181257437520215     
   1.90000000000000       0.187950805932037     
   1.92000000000000       0.194944544823347     
   1.94000000000000       0.202251402731797     
   1.96000000000000       0.209884381487375     
   1.98000000000000       0.217856682918125     
   2.00000000000000       0.226181643380927     
   2.02000000000000       0.234872654382781     
   2.04000000000000       0.243943067442614     
   2.06000000000000       0.253406081389179     
   2.08000000000000       0.263274610204806     
   2.10000000000000       0.273561129206946     
   2.12000000000000       0.284277498238639     
   2.14000000000000       0.295434759283867     
   2.16000000000000       0.307042908174617     
   2.18000000000000       0.319110638328726     
   2.20000000000000       0.331645056785225     
   2.22000000000000       0.344651372705196     
   2.24000000000000       0.358132559815764     
   2.26000000000000       0.372088995832578     
   2.28000000000000       0.386518082819619     
   2.30000000000000       0.401413855557870     
   2.32000000000000       0.416766585319124     
   2.34000000000000       0.432562391366497     
   2.36000000000000       0.448782871950602     
   2.38000000000000       0.465404772030204     
   2.40000000000000       0.482399703799610     
   2.42000000000000       0.499733942701929     
   2.44000000000000       0.517368315614247     
   2.46000000000000       0.535258206181086     
   2.48000000000000       0.553353693276513     
   2.50000000000000       0.571599840784026     
   2.52000000000000       0.589937150718357     
   2.54000000000000       0.608302183281907     
   2.56000000000000       0.626628344074379     
   2.58000000000000       0.644846823897520     
   2.60000000000000       0.662887671897886     
   2.62000000000000       0.680680969446064     
   2.64000000000000       0.698158068819833     
   2.66000000000000       0.715252842695308     
   2.68000000000000       0.731902905303571     
   2.70000000000000       0.748050745226948     
   2.72000000000000       0.763644730564557     
   2.74000000000000       0.778639936907396     
   2.76000000000000       0.792998780103063     
   2.78000000000000       0.806691419294356     
   2.80000000000000       0.819695933936935     
   2.82000000000000       0.831998277747388     
   2.84000000000000       0.843592024693187     
   2.86000000000000       0.854477932616646     
   2.88000000000000       0.864663359322099     
   2.90000000000000       0.874161568469865     
   2.92000000000000       0.882990956189653     
   2.94000000000000       0.891174243247224     
   2.96000000000000       0.898737659103779     
   2.98000000000000       0.905710146082236     
   3.00000000000000       0.912122608154859     
   3.02000000000000       0.918007226676283     
   3.04000000000000       0.923396834651460     
   3.06000000000000       0.928324386090113     
   3.08000000000000       0.932822492058602     
   3.10000000000000       0.936923041018262     
   3.12000000000000       0.940656899240997     
   3.14000000000000       0.944053669843294     
   3.16000000000000       0.947141523834834     
   3.18000000000000       0.949947078350209     
   3.20000000000000       0.952495327679760     
   3.22000000000000       0.954809610391225     
   3.24000000000000       0.956911610576969     
   3.26000000000000       0.958821381592945     
   3.28000000000000       0.960557395282568     
   3.30000000000000       0.962136602987396     
   3.32000000000000       0.963574508390422     
   3.34000000000000       0.964885248619419     
   3.36000000000000       0.966081676143962     
   3.38000000000000       0.967175447098735     
   3.40000000000000       0.968177110599836     
   3.42000000000000       0.969096188455378     
   3.44000000000000       0.969941261325416     
   3.46000000000000       0.970720046959642     
   3.48000000000000       0.971439476272058     
   3.50000000000000       0.972105760484758     
   3.52000000000000       0.972724462882971     
   3.54000000000000       0.973300556788281     
   3.56000000000000       0.973838483510019     
   3.58000000000000       0.974342205821477     
   3.60000000000000       0.974815252468049     
   3.62000000000000       0.975260767797892     
   3.64000000000000       0.975681548226049     
   3.66000000000000       0.976080079659929     
   3.68000000000000       0.976458570568304     
   3.70000000000000       0.976818981876603     
   3.72000000000000       0.977163053935843     
   3.74000000000000       0.977492329855754     
   3.76000000000000       0.977808181046183     
   3.78000000000000       0.978111820229630     
   3.80000000000000       0.978404326418445     
   3.82000000000000       0.978686654019408     
   3.84000000000000       0.978959649589639     
   3.86000000000000       0.979224067104539     
   3.88000000000000       0.979617319640997     
   3.90000000000000       0.979847223296220     
   3.92000000000000       0.980072927816839     
   3.94000000000000       0.980294615006087     
   3.96000000000000       0.980512406485710     
   3.98000000000000       0.980726409883392     
   4.00000000000000       0.980936721878482     
   4.02000000000000       0.981143437270420     
   4.04000000000000       0.981346645573247     
   4.06000000000000       0.981546431277283     
   4.08000000000000       0.981742876891759     
   4.10000000000000       0.981936063122574     
   4.12000000000000       0.982126065235813     
   4.14000000000000       0.982312957922719     
   4.16000000000000       0.982496813527223     
   4.18000000000000       0.982677700258178     
   4.20000000000000       0.982855687030629     
   4.22000000000000       0.983030836917682     
   4.24000000000000       0.983203214830249     
   4.26000000000000       0.983372880950873     
   4.28000000000000       0.983539895560286     
   4.30000000000000       0.983704315304984     
   4.32000000000000       0.983866197070742     
   4.34000000000000       0.984025595190823     
   4.35999999999999       0.984182562458998     
   4.37999999999999       0.984337150185773     
   4.39999999999999       0.984489407298803     
   4.41999999999999       0.984639384211024     
   4.43999999999999       0.984787128101237     
   4.45999999999999       0.984932682956139     
   4.47999999999999       0.985076094390652     
   4.49999999999999       0.985217406828905     
   4.51999999999999       0.985356661630107     
   4.53999999999999       0.985493900952749     
   4.55999999999999       0.985629163965999     
   4.57999999999999       0.985762489754448     
   4.59999999999999       0.985893917355901     
   4.61999999999999       0.986023482917881     
   4.63999999999999       0.986151223563737     
   4.65999999999999       0.986277173587083     
   4.67999999999999       0.986401368317046     
   4.69999999999999       0.986523840309649     
   4.71999999999999       0.986644623211645     
   4.73999999999999       0.986763747947918     
   4.75999999999999       0.986881246585809     
   4.77999999999999       0.986997149479151     
   4.79999999999999       0.987111486250351     
   4.81999999999999       0.987224283888683     
   4.83999999999998       0.987335573505470     
   4.85999999999998       0.987445380734166     
   4.87999999999998       0.987553733447263     
   4.89999999999998       0.987660657926794     
   4.91999999999998       0.987766178879836     
   4.93999999999998       0.987870322348106     
   4.95999999999998       0.987973112833821     
   4.97999999999998       0.988074573315144     
   4.99999999999998       0.988174728155607     
   5.01999999999998       0.988273600226396     
   5.03999999999998       0.988371211884870     
   5.05999999999998       0.988467584023292     
   5.07999999999998       0.988562738979855     
   5.09999999999998       0.988656697655362     
   5.11999999999998       0.988749480491041     
   5.13999999999998       0.988841106514483     
   5.15999999999998       0.988931596252311     
   5.17999999999998       0.989020968841129     
   5.19999999999998       0.989109243005967     
   5.21999999999998       0.989196436103389     
   5.23999999999998       0.989282568002438     
   5.25999999999998       0.989367654321064     
   5.27999999999998       0.989451713211021     
   5.29999999999997       0.989534761495341     
   5.31999999999997       0.989616815646252     
   5.33999999999997       0.989697890823304     
   5.35999999999997       0.989778004762121     
   5.37999999999997       0.989857170024386     
   5.39999999999997       0.989935404673600     
   5.41999999999997       0.990012722585589     
   5.43999999999997       0.990089138304975     
   5.45999999999997       0.990164665111186     
   5.47999999999997       0.990239318910418     
   5.49999999999997       0.990313111445810     
   5.51999999999997       0.990386057100489     
   5.53999999999997       0.990458169021613     
   5.55999999999997       0.990529459124094     
   5.57999999999997       0.990599941986176     
   5.59999999999997       0.990669629023194     
   5.61999999999997       0.990738531408709     
   5.63999999999997       0.990806662025245     
   5.65999999999997       0.990874032554234     
   5.67999999999997       0.990940654451817     
   5.69999999999997       0.991006538955006     
   5.71999999999997       0.991071696114009     
   5.73999999999997       0.991136138689759     
   5.75999999999997       0.991199875345391     
   5.77999999999996       0.991262917464864     
   5.79999999999996       0.991325276237759     
   5.81999999999996       0.991386959741622     
   5.83999999999996       0.991447978789262     
   5.85999999999996       0.991508343037989     
   5.87999999999996       0.991568061966820     
   5.89999999999996       0.991627143906529     
   5.91999999999996       0.991685599942900     
   5.93999999999996       0.991743437094575     
   5.95999999999996       0.991800665144025     
   5.97999999999996       0.991857293714783     
   5.99999999999996       0.991913329348252     
   6.01999999999996       0.991968781360809     
   6.03999999999996       0.992023657944427     
   6.05999999999996       0.992077967145469     
   6.07999999999996       0.992131716868241     
   6.09999999999996       0.992184913900598     
   6.11999999999996       0.992237567825024     
   6.13999999999996       0.992289684182730     
   6.15999999999996       0.992341272292737     
   6.17999999999996       0.992392337437359     
   6.19999999999996       0.992442887705940     
   6.21999999999996       0.992492930087784     
   6.23999999999995       0.992542472430203     
   6.25999999999995       0.992591519529847     
   6.27999999999995       0.992640079001685     
   6.29999999999995       0.992688156392031     
   6.31999999999995       0.992735760071630     
   6.33999999999995       0.992782895368818     
   6.35999999999995       0.992829567505687     
   6.37999999999995       0.992875784536088     
   6.39999999999995       0.992921550498059     
   6.41999999999995       0.992966873245320     
   6.43999999999995       0.993011756618340     
   6.45999999999995       0.993056207299123     
   6.47999999999995       0.993100230896887     
   6.49999999999995       0.993143833908732     
   6.51999999999995       0.993187019803349     
   6.53999999999995       0.993229793920059     
   6.55999999999995       0.993272164451156     
   6.57999999999995       0.993314133625600     
   6.59999999999995       0.993355706528380     
   6.61999999999995       0.993396890123572     
   6.63999999999995       0.993437688355196     
   6.65999999999995       0.993478105088321     
   6.67999999999995       0.993518147052766     
   6.69999999999995       0.993557816980712     
   6.71999999999994       0.993597120472694     
   6.73999999999994       0.993636063056564     
   6.75999999999994       0.993674647246629     
   6.77999999999994       0.993712878429833     
   6.79999999999994       0.993750760944276     
   6.81999999999994       0.993788300042015     
   6.83999999999994       0.993825496983273     
   6.85999999999994       0.993862359834421     
   6.87999999999994       0.993898888745426     
   6.89999999999994       0.993935090675828     
   6.91999999999994       0.993970968597104     
   6.93999999999994       0.994006526402469     
   6.95999999999994       0.994041767926511     
   6.97999999999994       0.994076695962801     
   6.99999999999994       0.994111316196005     
   7.01999999999994       0.994145630325248     
   7.03999999999994       0.994179643924629     
   7.05999999999994       0.994213358584741     
   7.07999999999994       0.994246779773586     
   7.09999999999994       0.994279908976039     
   7.11999999999994       0.994312750575475     
   7.13999999999994       0.994345307921649     
   7.15999999999994       0.994377585298719     
   7.17999999999993       0.994409583992535     
   7.19999999999993       0.994441308192257     
   7.21999999999993       0.994472761056412     
   7.23999999999993       0.994503945697859     
   7.25999999999993       0.994534865184493     
   7.27999999999993       0.994565522540780     
   7.29999999999993       0.994595920746985     
   7.31999999999993       0.994626061757097     
   7.33999999999993       0.994655950434913     
   7.35999999999993       0.994685588651542     
   7.37999999999993       0.994714979221509     
   7.39999999999993       0.994744124919448     
   7.41999999999993       0.994773027496142     
   7.43999999999993       0.994801691618100     
   7.45999999999993       0.994830117975106     
   7.47999999999993       0.994858310174412     
   7.49999999999993       0.994886271786075     
   7.51999999999993       0.994914003390621     
   7.53999999999993       0.994941509472407     
   7.55999999999993       0.994968790541100     
   7.57999999999993       0.994995850027468     
   7.59999999999993       0.995022690343808     
   7.61999999999993       0.995049314854460     
   7.63999999999993       0.995075723935463     
   7.65999999999992       0.995101920886974     
   7.67999999999992       0.995127907992365     
   7.69999999999992       0.995153687504125     
   7.71999999999992       0.995179261644370     
   7.73999999999992       0.995204632605334     
   7.75999999999992       0.995229802549852     
   7.77999999999992       0.995254773611841     
   7.79999999999992       0.995279547896760     
   7.81999999999992       0.995304127482074     
   7.83999999999992       0.995328513431544     
   7.85999999999992       0.995352709740199     
   7.87999999999992       0.995376717417987     
   7.89999999999992       0.995400537448374     
   7.91999999999992       0.995424173748126     
   7.93999999999992       0.995447627249738     
   7.95999999999992       0.995470898860118     
   7.97999999999992       0.995493992421088     
   7.99999999999992       0.995516907804075     
   8.01999999999992       0.995539648803656     
   8.03999999999992       0.995562215243375     
   8.05999999999992       0.995584609884421     
   8.07999999999992       0.995606835464892     
   8.09999999999992       0.995628891740035     
   8.11999999999992       0.995650781403929     
   8.13999999999992       0.995672507128696     
   8.15999999999991       0.995694068603860     
   8.17999999999991       0.995715468459609     
   8.19999999999991       0.995736708317473     
   8.21999999999991       0.995757789779477     
   8.23999999999991       0.995778714426809     
   8.25999999999991       0.995799484808698     
   8.27999999999991       0.995820100492116     
   8.29999999999991       0.995840563000131     
   8.31999999999991       0.995860876799203     
   8.33999999999991       0.995881039424257     
   8.35999999999991       0.995901055305137     
   8.37999999999991       0.995920924903065     
   8.39999999999991       0.995940649648926     
   8.41999999999991       0.995960230956289     
   8.43999999999991       0.995979670221401     
   8.45999999999991       0.995998968822975     
   8.47999999999991       0.996018127135376     
   8.49999999999991       0.996037148480473     
   8.51999999999991       0.996056033199862     
   8.53999999999991       0.996074782606479     
   8.55999999999991       0.996093397009630     
   8.57999999999991       0.996111878679593     
   8.59999999999991       0.996130229871022     
   8.61999999999991       0.996148450847509     
   8.63999999999990       0.996166541856055     
   8.65999999999990       0.996184506096257     
   8.67999999999990       0.996202342797442     
   8.69999999999990       0.996220055130306     
   8.71999999999990       0.996237642295868     
   8.73999999999990       0.996255107436573     
   8.75999999999990       0.996272449725965     
   8.77999999999990       0.996289671290548     
   8.79999999999990       0.996306774243527     
   8.81999999999990       0.996323757718217     
   8.83999999999990       0.996340623801846     
   8.85999999999990       0.996357373579648     
   8.87999999999990       0.996374008124946     
   8.89999999999990       0.996390528498019     
   8.91999999999990       0.996406936736230     
   8.93999999999990       0.996423231897499     
   8.95999999999990       0.996439415995251     
   8.97999999999990       0.996455490042026     
   8.99999999999990       0.996471455038566     
   9.01999999999990       0.996487311974787     
   9.03999999999990       0.996503061828848     
   9.05999999999990       0.996518705568023     
   9.07999999999990       0.996534244148230     
   9.09999999999989       0.996549678515204     
   9.11999999999989       0.996565009603761     
   9.13999999999989       0.996580238338019     
   9.15999999999989       0.996595365631964     
   9.17999999999989       0.996610391399188     
   9.19999999999989       0.996625319503116     
   9.21999999999989       0.996640146867629     
   9.23999999999989       0.996654877336428     
   9.25999999999989       0.996669510783818     
   9.27999999999989       0.996684047073963     
   9.29999999999989       0.996698489032192     
   9.31999999999989       0.996712836504516     
   9.33999999999989       0.996727089326979     
   9.35999999999989       0.996741250297771     
   9.37999999999989       0.996755319235331     
   9.39999999999989       0.996769295948771     
   9.41999999999989       0.996783183210119     
   9.43999999999989       0.996796980811710     
   9.45999999999989       0.996810688536694     
   9.47999999999989       0.996824309131922     
   9.49999999999989       0.996837841373475     
   9.51999999999989       0.996851287991915     
   9.53999999999989       0.996864647746926     
   9.55999999999989       0.996877923353324     
   9.57999999999988       0.996891113554692     
   9.59999999999988       0.996904220059784     
   9.61999999999988       0.996917243578294     
   9.63999999999988       0.996930185803466     
   9.65999999999988       0.996943045448562     
   9.67999999999988       0.996955824192334     
   9.69999999999988       0.996968523705785     
   9.71999999999988       0.996981142680281     
   9.73999999999988       0.996993682773095     
   9.75999999999988       0.997006145634199     
   9.77999999999988       0.997018529933715     
   9.79999999999988       0.997030837308138     
   9.81999999999988       0.997043068396302     
   9.83999999999988       0.997055223830040     
   9.85999999999988       0.997067304234933     
   9.87999999999988       0.997079311221239     
   9.89999999999988       0.997091243418936     
   9.91999999999988       0.997103102425700     
   9.93999999999988       0.997114888841497     
   9.95999999999988       0.997126603260527     
   9.97999999999988       0.997138246270078     
   9.99999999999988       0.997149818452209     
   10.0199999999999       0.997161320382691     
   10.0399999999999       0.997172752631900     
   10.0599999999999       0.997184115763395     
   10.0799999999999       0.997195410335975     
   10.0999999999999       0.997206636902461     
   10.1199999999999       0.997217796010092     
   10.1399999999999       0.997228887208921     
   10.1599999999999       0.997239913018465     
   10.1799999999999       0.997250872978037     
   10.1999999999999       0.997261767613342     
   10.2199999999999       0.997272597444395     
   10.2399999999999       0.997283362986514     
   10.2599999999999       0.997294063757804     
   10.2799999999999       0.997304702246861     
   10.2999999999999       0.997315277961854     
   10.3199999999999       0.997325790405961     
   10.3399999999999       0.997336242052734     
   10.3599999999999       0.997346632395794     
   10.3799999999999       0.997356961915921     
   10.3999999999999       0.997367230095999     
   10.4199999999999       0.997377439391911     
   10.4399999999999       0.997387589278275     
   10.4599999999999       0.997397679224106     
   10.4799999999999       0.997407711672061     
   10.4999999999999       0.997417685089993     
   10.5199999999999       0.997427601911415     
   10.5399999999999       0.997437460596214     
   10.5599999999999       0.997447263568533     
   10.5799999999999       0.997457009279938     
   10.5999999999999       0.997466700146205     
   10.6199999999999       0.997476334610469     
   10.6399999999999       0.997485915080389     
   10.6599999999999       0.997495439990805     
   10.6799999999999       0.997504911741582     
   10.6999999999999       0.997514329751767     
   10.7199999999999       0.997523693436008     
   10.7399999999999       0.997533004190376     
   10.7599999999999       0.997542262414809     
   10.7799999999999       0.997551469497786     
   10.7999999999999       0.997560623845787     
   10.8199999999999       0.997569726840618     
   10.8399999999999       0.997578779859424     
   10.8599999999999       0.997587781298193     
   10.8799999999999       0.997596733520006     
   10.8999999999999       0.997605634913422     
   10.9199999999999       0.997614486841627     
   10.9399999999999       0.997623289672320     
   10.9599999999999       0.997632043769065     
   10.9799999999999       0.997640750485124     
   10.9999999999999       0.997649408191788     
   11.0199999999999       0.997658018235464     
   11.0399999999999       0.997666580967140     
   11.0599999999999       0.997675096733906     
   11.0799999999999       0.997683566872916     
   11.0999999999999       0.997691988745737     
   11.1199999999999       0.997700366662622     
   11.1399999999999       0.997708697979136     
   11.1599999999999       0.997716984019990     
   11.1799999999999       0.997725225113575     
   11.1999999999999       0.997733421585968     
   11.2199999999998       0.997741573759824     
   11.2399999999998       0.997749681954591     
   11.2599999999998       0.997757746487506     
   11.2799999999998       0.997765767672637     
   11.2999999999998       0.997773745821052     
   11.3199999999998       0.997781681240961     
   11.3399999999998       0.997789574238545     
   11.3599999999998       0.997797425116423     
   11.3799999999998       0.997805234174605     
   11.3999999999998       0.997813001711122     
   11.4199999999998       0.997820728020581     
   11.4399999999998       0.997828412401652     
   11.4599999999998       0.997836057131118     
   11.4799999999998       0.997843661502555     
   11.4999999999998       0.997851225800561     
   11.5199999999998       0.997858750307349     
   11.5399999999998       0.997866235302343     
   11.5599999999998       0.997873681062401     
   11.5799999999998       0.997881087862710     
   11.5999999999998       0.997888454981363     
   11.6199999999998       0.997895784676084     
   11.6399999999998       0.997903076220541     
   11.6599999999998       0.997910328885952     
   11.6799999999998       0.997917544922942     
   11.6999999999998       0.997924723598375     
   11.7199999999998       0.997931865170800     
   11.7399999999998       0.997938968902100     
   11.7599999999998       0.997946037034162     
   11.7799999999998       0.997953068824832     
   11.7999999999998       0.997960063529438     
   11.8199999999998       0.997967023383473     
   11.8399999999998       0.997973947638473     
   11.8599999999998       0.997980835543404     
   11.8799999999998       0.997987689327397     
   11.8999999999998       0.997994508235632     
   11.9199999999998       0.998001291510706     
   11.9399999999998       0.998008041376267     
   11.9599999999998       0.998014756076633     
   11.9799999999998       0.998021437831491     
