   0.00000000000000       2.538104235864454E-002
  2.000000000000000E-002  2.538619289575728E-002
  4.000000000000000E-002  2.540165085453852E-002
  6.000000000000000E-002  2.542743529098929E-002
  8.000000000000000E-002  2.546357800926555E-002
  0.100000000000000       2.551012362838619E-002
  0.120000000000000       2.556712967584050E-002
  0.140000000000000       2.563466670812851E-002
  0.160000000000000       2.571281845924210E-002
  0.180000000000000       2.580168201685619E-002
  0.200000000000000       2.590136802720380E-002
  0.220000000000000       2.601200092907446E-002
  0.240000000000000       2.613371921768528E-002
  0.260000000000000       2.626667573921775E-002
  0.280000000000000       2.641103801689009E-002
  0.300000000000000       2.656698860972889E-002
  0.320000000000000       2.673472550467933E-002
  0.340000000000000       2.691446254398241E-002
  0.360000000000000       2.710642988840824E-002
  0.380000000000000       2.731087451827614E-002
  0.400000000000000       2.752806077345341E-002
  0.420000000000000       2.775827093449127E-002
  0.440000000000000       2.800180584628095E-002
  0.460000000000000       2.825898558613872E-002
  0.480000000000000       2.853015017911583E-002
  0.500000000000000       2.881566036177406E-002
  0.520000000000000       2.911589839799449E-002
  0.540000000000000       2.943126894828567E-002
  0.560000000000000       2.976219999652780E-002
  0.580000000000000       3.010914383619989E-002
  0.600000000000000       3.047257811985195E-002
  0.620000000000000       3.085300697529856E-002
  0.640000000000000       3.125096219159251E-002
  0.660000000000000       3.166700447957894E-002
  0.680000000000000       3.210172481050207E-002
  0.700000000000000       3.255574583767659E-002
  0.720000000000000       3.302972340543183E-002
  0.740000000000000       3.352434815097809E-002
  0.760000000000000       3.404034720396922E-002
  0.780000000000000       3.457848599083149E-002
  0.800000000000000       3.513957014794621E-002
  0.820000000000000       3.572444755225092E-002
  0.840000000000000       3.633401047542274E-002
  0.860000000000000       3.696919786835533E-002
  0.880000000000000       3.763099778555534E-002
  0.900000000000000       3.832044995605887E-002
  0.920000000000000       3.903864851095003E-002
  0.940000000000001       3.978674487651564E-002
  0.960000000000001       4.056595084316639E-002
  0.980000000000001       4.137754182065882E-002
   1.00000000000000       4.222286029156252E-002
   1.02000000000000       4.310331947317017E-002
   1.04000000000000       4.402040720321123E-002
   1.06000000000000       4.497569006005552E-002
   1.08000000000000       4.597081773226228E-002
   1.10000000000000       4.700752765453751E-002
   1.12000000000000       4.808764992078342E-002
   1.14000000000000       4.921311249530230E-002
   1.16000000000000       5.038594673725932E-002
   1.18000000000000       5.160829325426430E-002
   1.20000000000000       5.288240810792925E-002
   1.22000000000000       5.421066938589625E-002
   1.24000000000000       5.559558416298623E-002
   1.26000000000000       5.703979587055749E-002
   1.28000000000000       5.854609209454392E-002
   1.30000000000000       6.011741282478902E-002
   1.32000000000000       6.175685917168851E-002
   1.34000000000000       6.346770257889282E-002
   1.36000000000000       6.525339454168981E-002
   1.38000000000000       6.711757686366529E-002
   1.40000000000000       6.906409245400241E-002
   1.42000000000000       7.109699669507856E-002
   1.44000000000000       7.322056938897370E-002
   1.46000000000000       7.543932728728188E-002
   1.48000000000000       7.775803722357373E-002
   1.50000000000000       8.018172983526918E-002
   1.52000000000000       8.271571387780874E-002
   1.54000000000000       8.536559111239185E-002
   1.56000000000000       8.813727174881508E-002
   1.58000000000000       9.103699039156146E-002
   1.60000000000000       9.407132246060081E-002
   1.62000000000000       9.724720099315975E-002
   1.64000000000000       0.100571933750445     
   1.66000000000000       0.104053220504953     
   1.68000000000000       0.107699170372230     
   1.70000000000000       0.111518318978076     
   1.72000000000000       0.115519645279023     
   1.74000000000000       0.119712587720910     
   1.76000000000000       0.124107059434229     
   1.78000000000000       0.128713462058939     
   1.80000000000000       0.133542697746820     
   1.82000000000000       0.138606178758589     
   1.84000000000000       0.143915834032365     
   1.86000000000000       0.149484111949604     
   1.88000000000000       0.155323978418157     
   1.90000000000000       0.161448909247147     
   1.92000000000000       0.167872875674413     
   1.94000000000000       0.174610321652959     
   1.96000000000000       0.181676131490745     
   1.98000000000000       0.189085586023030     
   2.00000000000000       0.196854305583836     
   2.02000000000000       0.204998177666179     
   2.04000000000000       0.213533266983886     
   2.06000000000000       0.222475705622089     
   2.08000000000000       0.231841560819038     
   2.10000000000000       0.241646677559365     
   2.12000000000000       0.251906493941783     
   2.14000000000000       0.262635826054567     
   2.16000000000000       0.273848621222726     
   2.18000000000000       0.285557676855475     
   2.20000000000000       0.297774324400687     
   2.22000000000000       0.310508077921579     
   2.24000000000000       0.323766248225233     
   2.26000000000000       0.337553525204724     
   2.28000000000000       0.351871532237597     
   2.30000000000000       0.366718359899966     
   2.32000000000000       0.382088087001950     
   2.34000000000000       0.397970302336335     
   2.36000000000000       0.414349640543852     
   2.38000000000000       0.431205351553569     
   2.40000000000000       0.448510922514428     
   2.42000000000000       0.466233778389720     
   2.44000000000000       0.484335081824221     
   2.46000000000000       0.502769661722865     
   2.48000000000000       0.521486091045357     
   2.50000000000000       0.540426936567163     
   2.52000000000000       0.559529196800220     
   2.54000000000000       0.578724935010133     
   2.56000000000000       0.597942109978725     
   2.58000000000000       0.617105590738411     
   2.60000000000000       0.636138335344470     
   2.62000000000000       0.654962698433084     
   2.64000000000000       0.673501827474413     
   2.66000000000000       0.691681087288886     
   2.68000000000000       0.709429467068609     
   2.70000000000000       0.726680901280447     
   2.72000000000000       0.743375457450246     
   2.74000000000000       0.759460332842976     
   2.76000000000000       0.774890636081901     
   2.78000000000000       0.789629912729904     
   2.80000000000000       0.803650415640108     
   2.82000000000000       0.816933121126633     
   2.84000000000000       0.829467506068932     
   2.86000000000000       0.841251113302779     
   2.88000000000000       0.852288943465621     
   2.90000000000000       0.862592714862040     
   2.92000000000000       0.872180026404103     
   2.94000000000000       0.881073474058144     
   2.96000000000000       0.889299751305567     
   2.98000000000000       0.896888766112997     
   3.00000000000000       0.903872802772388     
   3.02000000000000       0.910285754416533     
   3.04000000000000       0.916162418298339     
   3.06000000000000       0.921537894659426     
   3.08000000000000       0.926447059025035     
   3.10000000000000       0.930924127638091     
   3.12000000000000       0.935002311823927     
   3.14000000000000       0.938713538068428     
   3.16000000000000       0.942088248526287     
   3.18000000000000       0.945155254843174     
   3.20000000000000       0.947941651362527     
   3.22000000000000       0.950472769353641     
   3.24000000000000       0.952772169979663     
   3.26000000000000       0.954861663139817     
   3.28000000000000       0.956761355315079     
   3.30000000000000       0.958489711292351     
   3.32000000000000       0.960063629682427     
   3.34000000000000       0.961498528201701     
   3.36000000000000       0.962808430435528     
   3.38000000000000       0.964006060152725     
   3.40000000000000       0.965102937141489     
   3.42000000000000       0.966109462887492     
   3.44000000000000       0.967035013612342     
   3.46000000000000       0.967888024884075     
   3.48000000000000       0.968676074061934     
   3.50000000000000       0.969405953125673     
   3.52000000000000       0.970083746692881     
   3.54000000000000       0.970714895051614     
   3.56000000000000       0.971304257259810     
   3.58000000000000       0.971856169416686     
   3.60000000000000       0.972374493168988     
   3.62000000000000       0.972862669879361     
   3.64000000000000       0.973323760408710     
   3.66000000000000       0.973760485984357     
   3.68000000000000       0.974175264321279     
   3.70000000000000       0.974570242287352     
   3.72000000000000       0.974947325379503     
   3.74000000000000       0.975308203229901     
   3.76000000000000       0.975654377544439     
   3.78000000000000       0.975987176319635     
   3.80000000000000       0.976307781180799     
   3.82000000000000       0.976617237330236     
   3.84000000000000       0.976916471886829     
   3.86000000000000       0.977206310599694     
   3.88000000000000       0.977637382754322     
   3.90000000000000       0.977889403289211     
   3.92000000000000       0.978136825565715     
   3.94000000000000       0.978379848617151     
   3.96000000000000       0.978618605521469     
   3.98000000000000       0.978853214029511     
   4.00000000000000       0.979083779902248     
   4.02000000000000       0.979310406851345     
   4.04000000000000       0.979533192805017     
   4.06000000000000       0.979752230194101     
   4.08000000000000       0.979967609287206     
   4.10000000000000       0.980179418385148     
   4.12000000000000       0.980387739833389     
   4.14000000000000       0.980592655355475     
   4.16000000000000       0.980794244109315     
   4.18000000000000       0.980992580726512     
   4.20000000000000       0.981187740620230     
   4.22000000000000       0.981379792804969     
   4.24000000000000       0.981568808316937     
   4.26000000000000       0.981754853013947     
   4.28000000000000       0.981937992867465     
   4.30000000000000       0.982118289869591     
   4.32000000000000       0.982295806280278     
   4.34000000000000       0.982470601565726     
   4.35999999999999       0.982642733508950     
   4.37999999999999       0.982812258271200     
   4.39999999999999       0.982979229405209     
   4.41999999999999       0.983143702096930     
   4.43999999999999       0.983305727989874     
   4.45999999999999       0.983465355230874     
   4.47999999999999       0.983622633756230     
   4.49999999999999       0.983777612200067     
   4.51999999999999       0.983930335838761     
   4.53999999999999       0.984080850828676     
   4.55999999999999       0.984229200050973     
   4.57999999999999       0.984375426297166     
   4.59999999999999       0.984519572310493     
   4.61999999999999       0.984661677667123     
   4.63999999999999       0.984801783016268     
   4.65999999999999       0.984939925906188     
   4.67999999999999       0.985076145023456     
   4.69999999999999       0.985210476015540     
   4.71999999999999       0.985342955728617     
   4.73999999999999       0.985473618025699     
   4.75999999999999       0.985602498025099     
   4.77999999999999       0.985729628967780     
   4.79999999999999       0.985855043294465     
   4.81999999999999       0.985978770559557     
   4.83999999999998       0.986100844840802     
   4.85999999999998       0.986221294209097     
   4.87999999999998       0.986340149193099     
   4.89999999999998       0.986457438578553     
   4.91999999999998       0.986573189425192     
   4.93999999999998       0.986687430258332     
   4.95999999999998       0.986800187916062     
   4.97999999999998       0.986911487566079     
   4.99999999999998       0.987021355897186     
   5.01999999999998       0.987129817962490     
   5.03999999999998       0.987236898252736     
   5.05999999999998       0.987342619652702     
   5.07999999999998       0.987447006634582     
   5.09999999999998       0.987550082094916     
   5.11999999999998       0.987651868427213     
   5.13999999999998       0.987752386475251     
   5.15999999999998       0.987851658728370     
   5.17999999999998       0.987949706152021     
   5.19999999999998       0.988046549261121     
   5.21999999999998       0.988142207070229     
   5.23999999999998       0.988236701351215     
   5.25999999999998       0.988330049213037     
   5.27999999999998       0.988422270545315     
   5.29999999999997       0.988513383780774     
   5.31999999999997       0.988603406968079     
   5.33999999999997       0.988692356716493     
   5.35999999999997       0.988780252462324     
   5.37999999999997       0.988867107966105     
   5.39999999999997       0.988952943025324     
   5.41999999999997       0.989037772843700     
   5.43999999999997       0.989121613359363     
   5.45999999999997       0.989204479122953     
   5.47999999999997       0.989286387567749     
   5.49999999999997       0.989367351560030     
   5.51999999999997       0.989447386863186     
   5.53999999999997       0.989526507885099     
   5.55999999999997       0.989604727682168     
   5.57999999999997       0.989682062233543     
   5.59999999999997       0.989758524048533     
   5.61999999999997       0.989834125371644     
   5.63999999999997       0.989908880322967     
   5.65999999999997       0.989982801705210     
   5.67999999999997       0.990055902074329     
   5.69999999999997       0.990128193746288     
   5.71999999999997       0.990199687735250     
   5.73999999999997       0.990270398030145     
   5.75999999999997       0.990340334123971     
   5.77999999999996       0.990409508495561     
   5.79999999999996       0.990477933410863     
   5.81999999999996       0.990545617721422     
   5.83999999999996       0.990612573280481     
   5.85999999999996       0.990678810673725     
   5.87999999999996       0.990744340291534     
   5.89999999999996       0.990809171264637     
   5.91999999999996       0.990873315747176     
   5.93999999999996       0.990936781430686     
   5.95999999999996       0.990999579039780     
   5.97999999999996       0.991061719124973     
   5.99999999999996       0.991123208854959     
   6.01999999999996       0.991184058443753     
   6.03999999999996       0.991244276871800     
   6.05999999999996       0.991303872960019     
   6.07999999999996       0.991362855373695     
   6.09999999999996       0.991421231553210     
   6.11999999999996       0.991479012005892     
   6.13999999999996       0.991536202804571     
   6.15999999999996       0.991592814167935     
   6.17999999999996       0.991648851885131     
   6.19999999999996       0.991704324825874     
   6.21999999999996       0.991759240652930     
   6.23999999999995       0.991813607970844     
   6.25999999999995       0.991867432036583     
   6.27999999999995       0.991920721200098     
   6.29999999999995       0.991973481541390     
   6.31999999999995       0.992025722240185     
   6.33999999999995       0.992077449137635     
   6.35999999999995       0.992128667958450     
   6.37999999999995       0.992179387535131     
   6.39999999999995       0.992229612293309     
   6.41999999999995       0.992279350846193     
   6.43999999999995       0.992328607402893     
   6.45999999999995       0.992377389291048     
   6.47999999999995       0.992425702661140     
   6.49999999999995       0.992473554638198     
   6.51999999999995       0.992520949023867     
   6.53999999999995       0.992567891672837     
   6.55999999999995       0.992614391570949     
   6.57999999999995       0.992660451159676     
   6.59999999999995       0.992706076014969     
   6.61999999999995       0.992751273775147     
   6.63999999999995       0.992796048764241     
   6.65999999999995       0.992840405219735     
   6.67999999999995       0.992884350523225     
   6.69999999999995       0.992927887669091     
   6.71999999999994       0.992971022799788     
   6.73999999999994       0.993013761978111     
   6.75999999999994       0.993056107959624     
   6.77999999999994       0.993098066652677     
   6.79999999999994       0.993139642814621     
   6.81999999999994       0.993180842205980     
   6.83999999999994       0.993221666206299     
   6.85999999999994       0.993262123665019     
   6.87999999999994       0.993302214743328     
   6.89999999999994       0.993341947076099     
   6.91999999999994       0.993381323921329     
   6.93999999999994       0.993420349548718     
   6.95999999999994       0.993459028163698     
   6.97999999999994       0.993497362829233     
   6.99999999999994       0.993535359781431     
   7.01999999999994       0.993573020882205     
   7.03999999999994       0.993610352246473     
   7.05999999999994       0.993647355617161     
   7.07999999999994       0.993684036992890     
   7.09999999999994       0.993720398000682     
   7.11999999999994       0.993756443448864     
   7.13999999999994       0.993792177011382     
   7.15999999999994       0.993827603387809     
   7.17999999999993       0.993862723986953     
   7.19999999999993       0.993897543404241     
   7.21999999999993       0.993932065103973     
   7.23999999999993       0.993966292500387     
   7.25999999999993       0.994000228958422     
   7.27999999999993       0.994033877795407     
   7.29999999999993       0.994067242280208     
   7.31999999999993       0.994100324555320     
   7.33999999999993       0.994133129957048     
   7.35999999999993       0.994165660537020     
   7.37999999999993       0.994197919382391     
   7.39999999999993       0.994229909536577     
   7.41999999999993       0.994261632919269     
   7.43999999999993       0.994293094650490     
   7.45999999999993       0.994324295485464     
   7.47999999999993       0.994355239381669     
   7.49999999999993       0.994385930255810     
   7.51999999999993       0.994416368743300     
   7.53999999999993       0.994446559764470     
   7.55999999999993       0.994476503877030     
   7.57999999999993       0.994506204844962     
   7.59999999999993       0.994535665314400     
   7.61999999999993       0.994564888976500     
   7.63999999999993       0.994593876242431     
   7.65999999999992       0.994622630732968     
   7.67999999999992       0.994651154952879     
   7.69999999999992       0.994679451373067     
   7.71999999999992       0.994707522431132     
   7.73999999999992       0.994735370531902     
   7.75999999999992       0.994762998047973     
   7.77999999999992       0.994790407320227     
   7.79999999999992       0.994817600658344     
   7.81999999999992       0.994844580341300     
   7.83999999999992       0.994871347535415     
   7.85999999999992       0.994897906624535     
   7.87999999999992       0.994924258715970     
   7.89999999999992       0.994950404887980     
   7.91999999999992       0.994976349438602     
   7.93999999999992       0.995002093390202     
   7.95999999999992       0.995027637737077     
   7.97999999999992       0.995052986695094     
   7.99999999999992       0.995078140121988     
   8.01999999999992       0.995103102181823     
   8.03999999999992       0.995127872679816     
   8.05999999999992       0.995152454645765     
   8.07999999999992       0.995176851084149     
   8.09999999999992       0.995201061725275     
   8.11999999999992       0.995225089525348     
   8.13999999999992       0.995248937416500     
   8.15999999999991       0.995272605056945     
   8.17999999999991       0.995296095332826     
   8.19999999999991       0.995319410023122     
   8.21999999999991       0.995342550885424     
   8.23999999999991       0.995365519654464     
   8.25999999999991       0.995388319127611     
   8.27999999999991       0.995410948828650     
   8.29999999999991       0.995433410428566     
   8.31999999999991       0.995455708829323     
   8.33999999999991       0.995477841324178     
   8.35999999999991       0.995499812774936     
   8.37999999999991       0.995521623687077     
   8.39999999999991       0.995543275630489     
   8.41999999999991       0.995564770156071     
   8.43999999999991       0.995586108795722     
   8.45999999999991       0.995607293062111     
   8.47999999999991       0.995628323365435     
   8.49999999999991       0.995649203351418     
   8.51999999999991       0.995669933394318     
   8.53999999999991       0.995690514934659     
   8.55999999999991       0.995710948311272     
   8.57999999999991       0.995731236015600     
   8.59999999999991       0.995751380521952     
   8.61999999999991       0.995771382119019     
   8.63999999999990       0.995791241077290     
   8.65999999999990       0.995810960908402     
   8.67999999999990       0.995830540765741     
   8.69999999999990       0.995849984129250     
   8.71999999999990       0.995869290121256     
   8.73999999999990       0.995888462190723     
   8.75999999999990       0.995907499429835     
   8.77999999999990       0.995926404172348     
   8.79999999999990       0.995945178737437     
   8.81999999999990       0.995963822173151     
   8.83999999999990       0.995982336770168     
   8.85999999999990       0.996000723719252     
   8.87999999999990       0.996018984198104     
   8.89999999999990       0.996037119370112     
   8.91999999999990       0.996055131471270     
   8.93999999999990       0.996073019466904     
   8.95999999999990       0.996090785566746     
   8.97999999999990       0.996108430881822     
   8.99999999999990       0.996125956510212     
   9.01999999999990       0.996143363538124     
   9.03999999999990       0.996160653038868     
   9.05999999999990       0.996177826073813     
   9.07999999999990       0.996194883691870     
   9.09999999999989       0.996211826930783     
   9.11999999999989       0.996228656816314     
   9.13999999999989       0.996245374362490     
   9.15999999999989       0.996261980572229     
   9.17999999999989       0.996278475350248     
   9.19999999999989       0.996294862937277     
   9.21999999999989       0.996311139956044     
   9.23999999999989       0.996327310625639     
   9.25999999999989       0.996343374807688     
   9.27999999999989       0.996359332352683     
   9.29999999999989       0.996375186361811     
   9.31999999999989       0.996390936665651     
   9.33999999999989       0.996406583083844     
   9.35999999999989       0.996422128687813     
   9.37999999999989       0.996437573277886     
   9.39999999999989       0.996452916644153     
   9.41999999999989       0.996468161829345     
   9.43999999999989       0.996483308605149     
   9.45999999999989       0.996498356733171     
   9.47999999999989       0.996513309228527     
   9.49999999999989       0.996528164747288     
   9.51999999999989       0.996542926286705     
   9.53999999999989       0.996557592484857     
   9.55999999999989       0.996572166321727     
   9.57999999999988       0.996586646417719     
   9.59999999999988       0.996601034648387     
   9.61999999999988       0.996615331792524     
   9.63999999999988       0.996629539708673     
   9.65999999999988       0.996643656983967     
   9.67999999999988       0.996657685461044     
   9.69999999999988       0.996671626974048     
   9.71999999999988       0.996685480086081     
   9.73999999999988       0.996699246616224     
   9.75999999999988       0.996712928375547     
   9.77999999999988       0.996726523903842     
   9.79999999999988       0.996740034997392     
   9.81999999999988       0.996753462357256     
   9.83999999999988       0.996766806676807     
   9.85999999999988       0.996780068642560     
   9.87999999999988       0.996793250022024     
   9.89999999999988       0.996806349310932     
   9.91999999999988       0.996819368262987     
   9.93999999999988       0.996832307536599     
   9.95999999999988       0.996845167783857     
   9.97999999999988       0.996857949649260     
   9.99999999999988       0.996870653771575     
   10.0199999999999       0.996883280782667     
   10.0399999999999       0.996895831308486     
   10.0599999999999       0.996908305967497     
   10.0799999999999       0.996920705372945     
   10.0999999999999       0.996933030131517     
   10.1199999999999       0.996945280843773     
   10.1399999999999       0.996957457015548     
   10.1599999999999       0.996969561412617     
   10.1799999999999       0.996981593529033     
   10.1999999999999       0.996993553941726     
   10.2199999999999       0.997005443221391     
   10.2399999999999       0.997017261933565     
   10.2599999999999       0.997029009549018     
   10.2799999999999       0.997040688799617     
   10.2999999999999       0.997052299145234     
   10.3199999999999       0.997063840040257     
   10.3399999999999       0.997075314200052     
   10.3599999999999       0.997086721068526     
   10.3799999999999       0.997098061173318     
   10.3999999999999       0.997109333946550     
   10.4199999999999       0.997120542084206     
   10.4399999999999       0.997131685009337     
   10.4599999999999       0.997142762138843     
   10.4799999999999       0.997153776154203     
   10.4999999999999       0.997164725373205     
   10.5199999999999       0.997175612467300     
   10.5399999999999       0.997186435745531     
   10.5599999999999       0.997197197869072     
   10.5799999999999       0.997207897137833     
   10.5999999999999       0.997218536203807     
   10.6199999999999       0.997229113357653     
   10.6399999999999       0.997239631242460     
   10.6599999999999       0.997250088139780     
   10.6799999999999       0.997260486684157     
   10.6999999999999       0.997270826237652     
   10.7199999999999       0.997281106157500     
   10.7399999999999       0.997291327976237     
   10.7599999999999       0.997301492132801     
   10.7799999999999       0.997311600151403     
   10.7999999999999       0.997321650282465     
   10.8199999999999       0.997331644042876     
   10.8399999999999       0.997341582944411     
   10.8599999999999       0.997351465225975     
   10.8799999999999       0.997361293481762     
   10.8999999999999       0.997371065942519     
   10.9199999999999       0.997380784104710     
   10.9399999999999       0.997390448371894     
   10.9599999999999       0.997400059143095     
   10.9799999999999       0.997409617903891     
   10.9999999999999       0.997419122866071     
   11.0199999999999       0.997428575507687     
   11.0399999999999       0.997437976213965     
   11.0599999999999       0.997447325365850     
   11.0799999999999       0.997456624431249     
   11.0999999999999       0.997465870513408     
   11.1199999999999       0.997475068344299     
   11.1399999999999       0.997484215020584     
   11.1599999999999       0.997493311996513     
   11.1799999999999       0.997502359632512     
   11.1999999999999       0.997511358286472     
   11.2199999999998       0.997520308312523     
   11.2399999999998       0.997529210061281     
   11.2599999999998       0.997538063880933     
   11.2799999999998       0.997546870116189     
   11.2999999999998       0.997555629108467     
   11.3199999999998       0.997564341196048     
   11.3399999999998       0.997573006714987     
   11.3599999999998       0.997581625997432     
   11.3799999999998       0.997590199372664     
   11.3999999999998       0.997598727167796     
   11.4199999999998       0.997607209706181     
   11.4399999999998       0.997615646217757     
   11.4599999999998       0.997624039202069     
   11.4799999999998       0.997632387883464     
   11.4999999999998       0.997640692574313     
   11.5199999999998       0.997648953584368     
   11.5399999999998       0.997657171220321     
   11.5599999999998       0.997665345786052     
   11.5799999999998       0.997673477583600     
   11.5999999999998       0.997681565820317     
   11.6199999999998       0.997689612974843     
   11.6399999999998       0.997697618249675     
   11.6599999999998       0.997705580844616     
   11.6799999999998       0.997713503230519     
   11.6999999999998       0.997721384602412     
   11.7199999999998       0.997729225244078     
   11.7399999999998       0.997737024345074     
   11.7599999999998       0.997744784366671     
   11.7799999999998       0.997752504493997     
   11.7999999999998       0.997760183909412     
   11.8199999999998       0.997767825067172     
   11.8399999999998       0.997775427145480     
   11.8599999999998       0.997782989319713     
   11.8799999999998       0.997790514037150     
   11.8999999999998       0.997798000469014     
   11.9199999999998       0.997805447783692     
   11.9399999999998       0.997812858422449     
   11.9599999999998       0.997820230457668     
   11.9799999999998       0.997827566326270     
