   0.00000000000000       0.128989177338802     
  2.000000000000000E-002  0.129013448976161     
  4.000000000000000E-002  0.129086289449776     
  6.000000000000000E-002  0.129207775483456     
  8.000000000000000E-002  0.129378035074015     
  0.100000000000000       0.129597247678672     
  0.120000000000000       0.129865644477323     
  0.140000000000000       0.130183508708743     
  0.160000000000000       0.130551176084021     
  0.180000000000000       0.130969035274362     
  0.200000000000000       0.131437528475705     
  0.220000000000000       0.131957152049735     
  0.240000000000000       0.132528457241919     
  0.260000000000000       0.133152050977013     
  0.280000000000000       0.133828596732409     
  0.300000000000000       0.134558815490618     
  0.320000000000000       0.135343486769234     
  0.340000000000000       0.136183449732263     
  0.360000000000000       0.137079604379843     
  0.380000000000000       0.138032912819102     
  0.400000000000000       0.139044400614763     
  0.420000000000000       0.140115158221962     
  0.440000000000000       0.141246342499342     
  0.460000000000000       0.142439178302171     
  0.480000000000000       0.143694960158442     
  0.500000000000000       0.145015054022760     
  0.520000000000000       0.146400899112580     
  0.540000000000000       0.147854009820502     
  0.560000000000000       0.149375977706559     
  0.580000000000000       0.150968473564340     
  0.600000000000000       0.152633249561328     
  0.620000000000000       0.154372141450875     
  0.640000000000000       0.156187070849689     
  0.660000000000000       0.158080047580781     
  0.680000000000000       0.160053172073756     
  0.700000000000000       0.162108637819139     
  0.720000000000000       0.164248733867393     
  0.740000000000000       0.166475847367213     
  0.760000000000000       0.168792466130868     
  0.780000000000000       0.171201181221648     
  0.800000000000000       0.173704689541633     
  0.820000000000000       0.176305796414533     
  0.840000000000000       0.179007418143468     
  0.860000000000000       0.181812584521771     
  0.880000000000000       0.184724441283083     
  0.900000000000000       0.187746252458437     
  0.920000000000000       0.190881402617895     
  0.940000000000001       0.194133398963548     
  0.960000000000001       0.197505873238984     
  0.980000000000001       0.201002583414914     
   1.00000000000000       0.204627415109086     
   1.02000000000000       0.208384382682724     
   1.04000000000000       0.212277629968971     
   1.06000000000000       0.216311430558968     
   1.08000000000000       0.220490187578761     
   1.10000000000000       0.224818432888123     
   1.12000000000000       0.229300825593591     
   1.14000000000000       0.233942149798913     
   1.16000000000000       0.238747311477245     
   1.18000000000000       0.243721334338527     
   1.20000000000000       0.248869354578932     
   1.22000000000000       0.254196614348998     
   1.24000000000000       0.259708453793951     
   1.26000000000000       0.265410301487977     
   1.28000000000000       0.271307663072464     
   1.30000000000000       0.277406107898993     
   1.32000000000000       0.283711253434763     
   1.34000000000000       0.290228747220908     
   1.36000000000000       0.296964246084294     
   1.38000000000000       0.303923392377706     
   1.40000000000000       0.311111786896484     
   1.42000000000000       0.318534958215441     
   1.44000000000000       0.326198328106255     
   1.46000000000000       0.334107172684301     
   1.48000000000000       0.342266578998143     
   1.50000000000000       0.350681396677060     
   1.52000000000000       0.359356184343252     
   1.54000000000000       0.368295150465553     
   1.56000000000000       0.377502088397738     
   1.58000000000000       0.386980305318659     
   1.60000000000000       0.396732544982256     
   1.62000000000000       0.406760904110823     
   1.64000000000000       0.417066742503666     
   1.66000000000000       0.427650586993362     
   1.68000000000000       0.438512029606999     
   1.70000000000000       0.449649620378700     
   1.72000000000000       0.461060755705940     
   1.74000000000000       0.472741563166874     
   1.76000000000000       0.484686784244864     
   1.78000000000000       0.496889656640920     
   1.80000000000000       0.509341798327749     
   1.82000000000000       0.522033095791907     
   1.84000000000000       0.534951599490034     
   1.86000000000000       0.548083429858506     
   1.88000000000000       0.561412697659048     
   1.90000000000000       0.574921442769157     
   1.92000000000000       0.588589595866966     
   1.94000000000000       0.602394967398895     
   1.96000000000000       0.616313268552239     
   1.98000000000000       0.630318168245739     
   2.00000000000000       0.644381390272467     
   2.02000000000000       0.658472853604388     
   2.04000000000000       0.672560857908297     
   2.06000000000000       0.686612315284631     
   2.08000000000000       0.700593027628184     
   2.10000000000000       0.714468006829173     
   2.12000000000000       0.728201834305804     
   2.14000000000000       0.741759052459747     
   2.16000000000000       0.755104581442031     
   2.18000000000000       0.768204150094473     
   2.20000000000000       0.781024730833767     
   2.22000000000000       0.793534966146708     
   2.24000000000000       0.805705574350527     
   2.26000000000000       0.817509722710095     
   2.28000000000000       0.828923356258349     
   2.30000000000000       0.839925473217277     
   2.32000000000000       0.850498338389640     
   2.34000000000000       0.860627630309496     
   2.36000000000000       0.870302518284021     
   2.38000000000000       0.879515670353719     
   2.40000000000000       0.888263193640186     
   2.42000000000000       0.896544513727912     
   2.44000000000000       0.904362197837870     
   2.46000000000000       0.911721732462442     
   2.48000000000000       0.918631263172027     
   2.50000000000000       0.925101307346221     
   2.52000000000000       0.931144449634246     
   2.54000000000000       0.936775028855447     
   2.56000000000000       0.942008825819184     
   2.58000000000000       0.946862758553881     
   2.60000000000000       0.951354591878441     
   2.62000000000000       0.955502665773155     
   2.64000000000000       0.959325647025862     
   2.66000000000000       0.962842304724566     
   2.68000000000000       0.966071313381504     
   2.70000000000000       0.969031081835712     
   2.72000000000000       0.971739609145135     
   2.74000000000000       0.974214364693008     
   2.76000000000000       0.976472193266970     
   2.78000000000000       0.978529240601219     
   2.80000000000000       0.980400899160359     
   2.82000000000000       0.982101771459913     
   2.84000000000000       0.983645648487424     
   2.86000000000000       0.985045501072033     
   2.88000000000000       0.986313482476939     
   2.90000000000000       0.987460940403523     
   2.92000000000000       0.988498435883966     
   2.94000000000000       0.989435768612385     
   2.96000000000000       0.990282006548783     
   2.98000000000000       0.991045518667291     
   3.00000000000000       0.991734010054663     
   3.02000000000000       0.992354559048475     
   3.04000000000000       0.992913653581752     
   3.06000000000000       0.993417229355567     
   3.08000000000000       0.993870706118755     
   3.10000000000000       0.994279023682556     
   3.12000000000000       0.994646677293353     
   3.14000000000000       0.994977750588445     
   3.16000000000000       0.995275948005140     
   3.18000000000000       0.995544624823324     
   3.20000000000000       0.995786816080288     
   3.22000000000000       0.996005263430311     
   3.24000000000000       0.996202440439715     
   3.26000000000000       0.996380575848816     
   3.28000000000000       0.996541675661735     
   3.30000000000000       0.996687543300652     
   3.32000000000000       0.996819798299273     
   3.34000000000000       0.996939893608637     
   3.36000000000000       0.997049131181873     
   3.38000000000000       0.997148676656988     
   3.40000000000000       0.997239572891069     
   3.42000000000000       0.997322751602971     
   3.44000000000000       0.997399044766501     
   3.46000000000000       0.997469194597552     
   3.48000000000000       0.997533862784962     
   3.50000000000000       0.997593638459897     
   3.52000000000000       0.997649046206223     
   3.54000000000000       0.997700552528947     
   3.56000000000000       0.997748572075513     
   3.58000000000000       0.997793473255503     
   3.60000000000000       0.997835582897609     
   3.62000000000000       0.997875191230725     
   3.64000000000000       0.997912555584265     
   3.66000000000000       0.997947904087800     
   3.68000000000000       0.997981438912394     
   3.70000000000000       0.998013339172544     
   3.72000000000000       0.998043763521636     
   3.74000000000000       0.998072852387229     
   3.76000000000000       0.998100730369567     
   3.78000000000000       0.998127507507669     
   3.80000000000000       0.998153281580563     
   3.82000000000000       0.998178138990507     
   3.84000000000000       0.998202156307144     
   3.86000000000000       0.998225401667515     
   3.88000000000000       0.998259941692969     
   3.90000000000000       0.998280117125117     
   3.92000000000000       0.998299911589198     
   3.94000000000000       0.998319341714001     
   3.96000000000000       0.998338418806184     
   3.98000000000000       0.998357152909813     
   4.00000000000000       0.998375553077531     
   4.02000000000000       0.998393628167060     
   4.04000000000000       0.998411386545065     
   4.06000000000000       0.998428836112158     
   4.08000000000000       0.998445984570429     
   4.10000000000000       0.998462839440162     
   4.12000000000000       0.998479407743939     
   4.14000000000000       0.998495696432435     
   4.16000000000000       0.998511712230809     
   4.18000000000000       0.998527461484187     
   4.20000000000000       0.998542950580317     
   4.22000000000000       0.998558185380514     
   4.24000000000000       0.998573171888891     
   4.26000000000000       0.998587915681990     
   4.28000000000000       0.998602422329316     
   4.30000000000000       0.998616697069765     
   4.32000000000000       0.998630745148802     
   4.34000000000000       0.998644571576681     
   4.35999999999999       0.998658181217103     
   4.37999999999999       0.998671578792720     
   4.39999999999999       0.998684768807810     
   4.41999999999999       0.998697755883902     
   4.43999999999999       0.998710544351387     
   4.45999999999999       0.998723138253999     
   4.47999999999999       0.998735541766453     
   4.49999999999999       0.998747758950744     
   4.51999999999999       0.998759793594655     
   4.53999999999999       0.998771649546257     
   4.55999999999999       0.998783330386878     
   4.57999999999999       0.998794839682505     
   4.59999999999999       0.998806180987245     
   4.61999999999999       0.998817357598281     
   4.63999999999999       0.998828372889823     
   4.65999999999999       0.998839229985136     
   4.67999999999999       0.998849932090150     
   4.69999999999999       0.998860482165432     
   4.71999999999999       0.998870883259414     
   4.73999999999999       0.998881138180221     
   4.75999999999999       0.998891249828694     
   4.77999999999999       0.998901220952700     
   4.79999999999999       0.998911054231944     
   4.81999999999999       0.998920752114711     
   4.83999999999998       0.998930317398842     
   4.85999999999998       0.998939752406569     
   4.87999999999998       0.998949059648103     
   4.89999999999998       0.998958241492638     
   4.91999999999998       0.998967300169988     
   4.93999999999998       0.998976238020541     
   4.95999999999998       0.998985057248625     
   4.97999999999998       0.998993759924105     
   4.99999999999998       0.999002348232094     
   5.01999999999998       0.999010824226204     
   5.03999999999998       0.999019189912644     
   5.05999999999998       0.999027447168861     
   5.07999999999998       0.999035597993090     
   5.09999999999998       0.999043644257379     
   5.11999999999998       0.999051587791508     
   5.13999999999998       0.999059430301459     
   5.15999999999998       0.999067173618829     
   5.17999999999998       0.999074819453602     
   5.19999999999998       0.999082369478021     
   5.21999999999998       0.999089825244876     
   5.23999999999998       0.999097188519423     
   5.25999999999998       0.999104460701181     
   5.27999999999998       0.999111643404092     
   5.29999999999997       0.999118738126379     
   5.31999999999997       0.999125746334237     
   5.33999999999997       0.999132669379781     
   5.35999999999997       0.999139508833159     
   5.37999999999997       0.999146265820939     
   5.39999999999997       0.999152941937534     
   5.41999999999997       0.999159538418150     
   5.43999999999997       0.999166056553408     
   5.45999999999997       0.999172497524398     
   5.47999999999997       0.999178862734633     
   5.49999999999997       0.999185153231099     
   5.51999999999997       0.999191370284409     
   5.53999999999997       0.999197515058350     
   5.55999999999997       0.999203588610344     
   5.57999999999997       0.999209592223352     
   5.59999999999997       0.999215526909564     
   5.61999999999997       0.999221393659373     
   5.63999999999997       0.999227193607472     
   5.65999999999997       0.999232927785074     
   5.67999999999997       0.999238597203061     
   5.69999999999997       0.999244202852550     
   5.71999999999997       0.999249745622617     
   5.73999999999997       0.999255226631872     
   5.75999999999997       0.999260646649347     
   5.77999999999996       0.999266006674506     
   5.79999999999996       0.999271307689266     
   5.81999999999996       0.999276550410072     
   5.83999999999996       0.999281735784991     
   5.85999999999996       0.999286864662984     
   5.87999999999996       0.999291937877010     
   5.89999999999996       0.999296956161675     
   5.91999999999996       0.999301920484776     
   5.93999999999996       0.999306831467908     
   5.95999999999996       0.999311689966629     
   5.97999999999996       0.999316496822215     
   5.99999999999996       0.999321252613612     
   6.01999999999996       0.999325958154627     
   6.03999999999996       0.999330614162947     
   6.05999999999996       0.999335221343247     
   6.07999999999996       0.999339780387513     
   6.09999999999996       0.999344291892434     
   6.11999999999996       0.999348756691092     
   6.13999999999996       0.999353175273281     
   6.15999999999996       0.999357548448542     
   6.17999999999996       0.999361876683645     
   6.19999999999996       0.999366160682779     
   6.21999999999996       0.999370401056358     
   6.23999999999995       0.999374598486973     
   6.25999999999995       0.999378753398258     
   6.27999999999995       0.999382866452152     
   6.29999999999995       0.999386938134898     
   6.31999999999995       0.999390969171473     
   6.33999999999995       0.999394960028747     
   6.35999999999995       0.999398911164204     
   6.37999999999995       0.999402823274630     
   6.39999999999995       0.999406696716456     
   6.41999999999995       0.999410532168677     
   6.43999999999995       0.999414329970258     
   6.45999999999995       0.999418090700255     
   6.47999999999995       0.999421814846569     
   6.49999999999995       0.999425502971838     
   6.51999999999995       0.999429155382196     
   6.53999999999995       0.999432772541696     
   6.55999999999995       0.999436355155274     
   6.57999999999995       0.999439903423286     
   6.59999999999995       0.999443417787310     
   6.61999999999995       0.999446898847433     
   6.63999999999995       0.999450346948141     
   6.65999999999995       0.999453762426994     
   6.67999999999995       0.999457145863350     
   6.69999999999995       0.999460497498484     
   6.71999999999994       0.999463817815775     
   6.73999999999994       0.999467107292161     
   6.75999999999994       0.999470366149775     
   6.77999999999994       0.999473594853154     
   6.79999999999994       0.999476793777996     
   6.81999999999994       0.999479963376920     
   6.83999999999994       0.999483103765285     
   6.85999999999994       0.999486215632850     
   6.87999999999994       0.999489299000838     
   6.89999999999994       0.999492354465088     
   6.91999999999994       0.999495382284588     
   6.93999999999994       0.999498382795927     
   6.95999999999994       0.999501356330545     
   6.97999999999994       0.999504303131864     
   6.99999999999994       0.999507223687025     
   7.01999999999994       0.999510118146748     
   7.03999999999994       0.999512986988447     
   7.05999999999994       0.999515830353360     
   7.07999999999994       0.999518648709570     
   7.09999999999994       0.999521442189086     
   7.11999999999994       0.999524211168184     
   7.13999999999994       0.999526955935808     
   7.15999999999994       0.999529676859512     
   7.17999999999993       0.999532374053945     
   7.19999999999993       0.999535047878355     
   7.21999999999993       0.999537698604960     
   7.23999999999993       0.999540326501984     
   7.25999999999993       0.999542931833724     
   7.27999999999993       0.999545514860678     
   7.29999999999993       0.999548075839488     
   7.31999999999993       0.999550614940213     
   7.33999999999993       0.999553132577904     
   7.35999999999993       0.999555628915381     
   7.37999999999993       0.999558104194817     
   7.39999999999993       0.999560558654906     
   7.41999999999993       0.999562992448015     
   7.43999999999993       0.999565405971916     
   7.45999999999993       0.999567799289415     
   7.47999999999993       0.999570172708866     
   7.49999999999993       0.999572526535357     
   7.51999999999993       0.999574860822215     
   7.53999999999993       0.999577175951280     
   7.55999999999993       0.999579471969739     
   7.57999999999993       0.999581749170546     
   7.59999999999993       0.999584007760836     
   7.61999999999993       0.999586248027754     
   7.63999999999993       0.999588470006913     
   7.65999999999992       0.999590673979884     
   7.67999999999992       0.999592860142591     
   7.69999999999992       0.999595028688276     
   7.71999999999992       0.999597179807543     
   7.73999999999992       0.999599313688398     
   7.75999999999992       0.999601430516298     
   7.77999999999992       0.999603530474186     
   7.79999999999992       0.999605613742538     
   7.81999999999992       0.999607680499398     
   7.83999999999992       0.999609730837511     
   7.85999999999992       0.999611765096001     
   7.87999999999992       0.999613783362942     
   7.89999999999992       0.999615785724130     
   7.91999999999992       0.999617772511873     
   7.93999999999992       0.999619743807545     
   7.95999999999992       0.999621699690326     
   7.97999999999992       0.999623640485998     
   7.99999999999992       0.999625566186595     
   8.01999999999992       0.999627477113786     
   8.03999999999992       0.999629373255481     
   8.05999999999992       0.999631254846387     
   8.07999999999992       0.999633122119192     
   8.09999999999992       0.999634975055929     
   8.11999999999992       0.999636813885482     
   8.13999999999992       0.999638638834819     
   8.15999999999991       0.999640449880318     
   8.17999999999991       0.999642247245324     
   8.19999999999991       0.999644031068405     
   8.21999999999991       0.999645801486437     
   8.23999999999991       0.999647558634499     
   8.25999999999991       0.999649302728909     
   8.27999999999991       0.999651033735517     
   8.29999999999991       0.999652751784397     
   8.31999999999991       0.999654457252685     
   8.33999999999991       0.999656149935524     
   8.35999999999991       0.999657830206876     
   8.37999999999991       0.999659498107480     
   8.39999999999991       0.999661153759442     
   8.41999999999991       0.999662797283373     
   8.43999999999991       0.999664428798390     
   8.45999999999991       0.999666048422102     
   8.47999999999991       0.999667656187794     
   8.49999999999991       0.999669252376066     
   8.51999999999991       0.999670837017378     
   8.53999999999991       0.999672410223667     
   8.55999999999991       0.999673972022633     
   8.57999999999991       0.999675522606472     
   8.59999999999991       0.999677062166024     
   8.61999999999991       0.999678590725048     
   8.63999999999990       0.999680108305898     
   8.65999999999990       0.999681615178574     
   8.67999999999990       0.999683111280003     
   8.69999999999990       0.999684596877682     
   8.71999999999990       0.999686071906118     
   8.73999999999990       0.999687536630364     
   8.75999999999990       0.999688990982579     
   8.77999999999990       0.999690435142551     
   8.79999999999990       0.999691869288904     
   8.81999999999990       0.999693293350365     
   8.83999999999990       0.999694707503331     
   8.85999999999990       0.999696111840152     
   8.87999999999990       0.999697506452150     
   8.89999999999990       0.999698891429531     
   8.91999999999990       0.999700266944380     
   8.93999999999990       0.999701632918995     
   8.95999999999990       0.999702989523409     
   8.97999999999990       0.999704336843728     
   8.99999999999990       0.999705674965044     
   9.01999999999990       0.999707003971521     
   9.03999999999990       0.999708323946311     
   9.05999999999990       0.999709634971636     
   9.07999999999990       0.999710937128743     
   9.09999999999989       0.999712230498003     
   9.11999999999989       0.999713515158853     
   9.13999999999989       0.999714791189813     
   9.15999999999989       0.999716058668532     
   9.17999999999989       0.999717317588825     
   9.19999999999989       0.999718568275415     
   9.21999999999989       0.999719810471600     
   9.23999999999989       0.999721044500401     
   9.25999999999989       0.999722270352270     
   9.27999999999989       0.999723488016803     
   9.29999999999989       0.999724697731626     
   9.31999999999989       0.999725899484778     
   9.33999999999989       0.999727093263457     
   9.35999999999989       0.999728279302945     
   9.37999999999989       0.999729457588930     
   9.39999999999989       0.999730628106315     
   9.41999999999989       0.999731791088122     
   9.43999999999989       0.999732946517814     
   9.45999999999989       0.999734094378084     
   9.47999999999989       0.999735234899779     
   9.49999999999989       0.999736367981237     
   9.51999999999989       0.999737493851899     
   9.53999999999989       0.999738612408712     
   9.55999999999989       0.999739723879760     
   9.57999999999988       0.999740828160625     
   9.59999999999988       0.999741925395129     
   9.61999999999988       0.999743015643435     
   9.63999999999988       0.999744099048024     
   9.65999999999988       0.999745175501911     
   9.67999999999988       0.999746245146342     
   9.69999999999988       0.999747308121889     
   9.71999999999988       0.999748364319714     
   9.73999999999988       0.999749413879219     
   9.75999999999988       0.999750456939172     
   9.77999999999988       0.999751493388937     
   9.79999999999988       0.999752523366134     
   9.81999999999988       0.999753546924872     
   9.83999999999988       0.999754564118662     
   9.85999999999988       0.999755575000485     
   9.87999999999988       0.999756579705699     
   9.89999999999988       0.999757578120276     
   9.91999999999988       0.999758570378505     
   9.93999999999988       0.999759556531179     
   9.95999999999988       0.999760536628599     
   9.97999999999988       0.999761510720475     
   9.99999999999988       0.999762478856073     
   10.0199999999999       0.999763441084121     
   10.0399999999999       0.999764397452888     
   10.0599999999999       0.999765348010063     
   10.0799999999999       0.999766292802926     
   10.0999999999999       0.999767231878249     
   10.1199999999999       0.999768165282330     
   10.1399999999999       0.999769092978050     
   10.1599999999999       0.999770015176653     
   10.1799999999999       0.999770931840105     
   10.1999999999999       0.999771843012867     
   10.2199999999999       0.999772748738915     
   10.2399999999999       0.999773649061825     
   10.2599999999999       0.999774543941774     
   10.2799999999999       0.999775433587342     
   10.2999999999999       0.999776317957855     
   10.3199999999999       0.999777197012224     
   10.3399999999999       0.999778070957736     
   10.3599999999999       0.999778939752484     
   10.3799999999999       0.999779803437105     
   10.3999999999999       0.999780661968793     
   10.4199999999999       0.999781515553309     
   10.4399999999999       0.999782364147139     
   10.4599999999999       0.999783207706306     
   10.4799999999999       0.999784046435431     
   10.4999999999999       0.999784880206824     
   10.5199999999999       0.999785709224320     
   10.5399999999999       0.999786533359559     
   10.5599999999999       0.999787352815572     
   10.5799999999999       0.999788167463301     
   10.5999999999999       0.999788977505054     
   10.6199999999999       0.999789782811065     
   10.6399999999999       0.999790583582946     
   10.6599999999999       0.999791379690232     
   10.6799999999999       0.999792171333864     
   10.6999999999999       0.999792958465631     
   10.7199999999999       0.999793741036961     
   10.7399999999999       0.999794519164874     
   10.7599999999999       0.999795292883129     
   10.7799999999999       0.999796062308092     
   10.7999999999999       0.999796827306921     
   10.8199999999999       0.999797587995416     
   10.8399999999999       0.999798344488972     
   10.8599999999999       0.999799096653869     
   10.8799999999999       0.999799844687877     
   10.8999999999999       0.999800588456654     
   10.9199999999999       0.999801328074408     
   10.9399999999999       0.999802063572159     
   10.9599999999999       0.999802794980580     
   10.9799999999999       0.999803522413023     
   10.9999999999999       0.999804245733700     
   11.0199999999999       0.999804965055385     
   11.0399999999999       0.999805680407680     
   11.0599999999999       0.999806391819858     
   11.0799999999999       0.999807099403895     
   11.0999999999999       0.999807802939653     
   11.1199999999999       0.999808502787461     
   11.1399999999999       0.999809198726676     
   11.1599999999999       0.999809890868218     
   11.1799999999999       0.999810579239772     
   11.1999999999999       0.999811263868827     
   11.2199999999998       0.999811944782585     
   11.2399999999998       0.999812622007972     
   11.2599999999998       0.999813295571728     
   11.2799999999998       0.999813965500325     
   11.2999999999998       0.999814631819980     
   11.3199999999998       0.999815294556668     
   11.3399999999998       0.999815953736191     
   11.3599999999998       0.999816609384050     
   11.3799999999998       0.999817261525526     
   11.3999999999998       0.999817910185729     
   11.4199999999998       0.999818555389481     
   11.4399999999998       0.999819197078436     
   11.4599999999998       0.999819835442933     
   11.4799999999998       0.999820470424190     
   11.4999999999998       0.999821102046182     
   11.5199999999998       0.999821730332681     
   11.5399999999998       0.999822355307221     
   11.5599999999998       0.999822976993120     
   11.5799999999998       0.999823595413555     
   11.5999999999998       0.999824210508450     
   11.6199999999998       0.999824822466501     
   11.6399999999998       0.999825431227255     
   11.6599999999998       0.999826036730059     
   11.6799999999998       0.999826639162999     
   11.6999999999998       0.999827238465050     
   11.7199999999998       0.999827834657980     
   11.7399999999998       0.999828427680351     
   11.7599999999998       0.999829017719497     
   11.7799999999998       0.999829604713636     
   11.7999999999998       0.999830188600782     
   11.8199999999998       0.999830769567715     
   11.8399999999998       0.999831347552126     
   11.8599999999998       0.999831922491495     
   11.8799999999998       0.999832494572054     
   11.8999999999998       0.999833063730962     
   11.9199999999998       0.999833629905162     
   11.9399999999998       0.999834193280416     
   11.9599999999998       0.999834753710342     
   11.9799999999998       0.999835311380361     
