   0.00000000000000       0.707306165423560     
  2.000000000000000E-002  0.707376772893957     
  4.000000000000000E-002  0.707588552814432     
  6.000000000000000E-002  0.707941377507274     
  8.000000000000000E-002  0.708435033472097     
  0.100000000000000       0.709069220337743     
  0.120000000000000       0.709843549401226     
  0.140000000000000       0.710757541757672     
  0.160000000000000       0.711810626039526     
  0.180000000000000       0.713002135767681     
  0.200000000000000       0.714331306334868     
  0.220000000000000       0.715797271635798     
  0.240000000000000       0.717399060364359     
  0.260000000000000       0.719135592000450     
  0.280000000000000       0.721005672511961     
  0.300000000000000       0.723007989803262     
  0.320000000000000       0.725141108937030     
  0.340000000000000       0.727403467175189     
  0.360000000000000       0.729793368869979     
  0.380000000000000       0.732308980255957     
  0.400000000000000       0.734948324186999     
  0.420000000000000       0.737709274877075     
  0.440000000000000       0.740589552696645     
  0.460000000000000       0.743586719085820     
  0.480000000000000       0.746698171658282     
  0.500000000000000       0.749921139553875     
  0.520000000000000       0.753252679127004     
  0.540000000000000       0.756689670035271     
  0.560000000000000       0.760228811821946     
  0.580000000000000       0.763866621065034     
  0.600000000000000       0.767599429184542     
  0.620000000000000       0.771423380994846     
  0.640000000000000       0.775334434082856     
  0.660000000000000       0.779328359107231     
  0.680000000000000       0.783400741095638     
  0.700000000000000       0.787546981826475     
  0.720000000000000       0.791762303366196     
  0.740000000000000       0.796041752837894     
  0.760000000000000       0.800380208477986     
  0.780000000000000       0.804772387045367     
  0.800000000000000       0.809212852607651     
  0.820000000000000       0.813696026751359     
  0.840000000000000       0.818216200224058     
  0.860000000000000       0.822767546003080     
  0.880000000000000       0.827344133786348     
  0.900000000000000       0.831939945856082     
  0.920000000000000       0.836548894269165     
  0.940000000000001       0.841164839296122     
  0.960000000000001       0.845781609014384     
  0.980000000000001       0.850393019940161     
   1.00000000000000       0.854992898567944     
   1.02000000000000       0.859575103654477     
   1.04000000000000       0.864133549091602     
   1.06000000000000       0.868662227166787     
   1.08000000000000       0.873155232016694     
   1.10000000000000       0.877606783072924     
   1.12000000000000       0.882011248258922     
   1.14000000000000       0.886363166736960     
   1.16000000000000       0.890657270970990     
   1.18000000000000       0.894888507877065     
   1.20000000000000       0.899052058862240     
   1.22000000000000       0.903143358529103     
   1.24000000000000       0.907158111865016     
   1.26000000000000       0.911092309737082     
   1.28000000000000       0.914942242538072     
   1.30000000000000       0.918704511856049     
   1.32000000000000       0.922376040048901     
   1.34000000000000       0.925954077663987     
   1.36000000000000       0.929436208626571     
   1.38000000000000       0.932820353203108     
   1.40000000000000       0.936104768712799     
   1.42000000000000       0.939288048049036     
   1.44000000000000       0.942369116059879     
   1.46000000000000       0.945347223865975     
   1.48000000000000       0.948221941245120     
   1.50000000000000       0.950993147192519     
   1.52000000000000       0.953661018817687     
   1.54000000000000       0.956226018734404     
   1.56000000000000       0.958688881123609     
   1.58000000000000       0.961050596637215     
   1.60000000000000       0.963312396351679     
   1.62000000000000       0.965475734938167     
   1.64000000000000       0.967542273250961     
   1.66000000000000       0.969513860511550     
   1.68000000000000       0.971392516272003     
   1.70000000000000       0.973180412311671     
   1.72000000000000       0.974879854648174     
   1.74000000000000       0.976493265786062     
   1.76000000000000       0.978023167350807     
   1.78000000000000       0.979472163220811     
   1.80000000000000       0.980842923267608     
   1.82000000000000       0.982138167784814     
   1.84000000000000       0.983360652690440     
   1.86000000000000       0.984513155558837     
   1.88000000000000       0.985598462530331     
   1.90000000000000       0.986619356131570     
   1.92000000000000       0.987578604033079     
   1.94000000000000       0.988478948743783     
   1.96000000000000       0.989323098257845     
   1.98000000000000       0.990113717625232     
   2.00000000000000       0.990853421447751     
   2.02000000000000       0.991544767266294     
   2.04000000000000       0.992190249804622     
   2.06000000000000       0.992792296041680     
   2.08000000000000       0.993353261073606     
   2.10000000000000       0.993875424706748     
   2.12000000000000       0.994360988767691     
   2.14000000000000       0.994812075037323     
   2.16000000000000       0.995230723816161     
   2.18000000000000       0.995618893022844     
   2.20000000000000       0.995978457809565     
   2.22000000000000       0.996311210635725     
   2.24000000000000       0.996618861755028     
   2.26000000000000       0.996903040076731     
   2.28000000000000       0.997165294347647     
   2.30000000000000       0.997407094630260     
   2.32000000000000       0.997629834017752     
   2.34000000000000       0.997834830575613     
   2.36000000000000       0.998023329450255     
   2.38000000000000       0.998196505135032     
   2.40000000000000       0.998355463841748     
   2.42000000000000       0.998501245982770     
   2.44000000000000       0.998634828698540     
   2.46000000000000       0.998757128449110     
   2.48000000000000       0.998869003618850     
   2.50000000000000       0.998971257132294     
   2.52000000000000       0.999064639064199     
   2.54000000000000       0.999149849219724     
   2.56000000000000       0.999227539687371     
   2.58000000000000       0.999298317339002     
   2.60000000000000       0.999362746278785     
   2.62000000000000       0.999421350226295     
   2.64000000000000       0.999474614839352     
   2.66000000000000       0.999522989945376     
   2.68000000000000       0.999566891712071     
   2.70000000000000       0.999606704723330     
   2.72000000000000       0.999642783981079     
   2.74000000000000       0.999675456808619     
   2.76000000000000       0.999705024685728     
   2.78000000000000       0.999731764980413     
   2.80000000000000       0.999755932602793     
   2.82000000000000       0.999777761575022     
   2.84000000000000       0.999797466515651     
   2.86000000000000       0.999815244040124     
   2.88000000000000       0.999831274083461     
   2.90000000000000       0.999845721148376     
   2.92000000000000       0.999858735471348     
   2.94000000000000       0.999870454123261     
   2.96000000000000       0.999881002037404     
   2.98000000000000       0.999890492968679     
   3.00000000000000       0.999899030389935     
   3.02000000000000       0.999906708335393     
   3.04000000000000       0.999913612168098     
   3.06000000000000       0.999919819314364     
   3.08000000000000       0.999925399928104     
   3.10000000000000       0.999930417512931     
   3.12000000000000       0.999934929503818     
   3.14000000000000       0.999938987792066     
   3.16000000000000       0.999942639221209     
   3.18000000000000       0.999945926035442     
   3.20000000000000       0.999948886299040     
   3.22000000000000       0.999951554278112     
   3.24000000000000       0.999953960792991     
   3.26000000000000       0.999956133537408     
   3.28000000000000       0.999958097376511     
   3.30000000000000       0.999959874615686     
   3.32000000000000       0.999961485247034     
   3.34000000000000       0.999962947175245     
   3.36000000000000       0.999964276419528     
   3.38000000000000       0.999965487302128     
   3.40000000000000       0.999966592620910     
   3.42000000000000       0.999967603797342     
   3.44000000000000       0.999968531020170     
   3.46000000000000       0.999969383370967     
   3.48000000000000       0.999970168939646     
   3.50000000000000       0.999970894923995     
   3.52000000000000       0.999971567729144     
   3.54000000000000       0.999972193047889     
   3.56000000000000       0.999972775937653     
   3.58000000000000       0.999973320889858     
   3.60000000000000       0.999973831887395     
   3.62000000000000       0.999974312465829     
   3.64000000000000       0.999974765758920     
   3.66000000000000       0.999975194544015     
   3.68000000000000       0.999975601281781     
   3.70000000000000       0.999975988151743     
   3.72000000000000       0.999976357084040     
   3.74000000000000       0.999976709786760     
   3.76000000000000       0.999977047775212     
   3.78000000000000       0.999977372387433     
   3.80000000000000       0.999977684812217     
   3.82000000000000       0.999977986099929     
   3.84000000000000       0.999978277181309     
   3.86000000000000       0.999978558884521     
   3.88000000000000       0.999978977423661     
   3.90000000000000       0.999979221877249     
   3.92000000000000       0.999979461698799     
   3.94000000000000       0.999979697090680     
   3.96000000000000       0.999979928190720     
   3.98000000000000       0.999980155121404     
   4.00000000000000       0.999980377993163     
   4.02000000000000       0.999980596914025     
   4.04000000000000       0.999980811986035     
   4.06000000000000       0.999981023305553     
   4.08000000000000       0.999981230966505     
   4.10000000000000       0.999981435060579     
   4.12000000000000       0.999981635673409     
   4.14000000000000       0.999981832889727     
   4.16000000000000       0.999982026791507     
   4.18000000000000       0.999982217456097     
   4.20000000000000       0.999982404961332     
   4.22000000000000       0.999982589378656     
   4.24000000000000       0.999982770781213     
   4.26000000000000       0.999982949236954     
   4.28000000000000       0.999983124813722     
   4.30000000000000       0.999983297575339     
   4.32000000000000       0.999983467585689     
   4.34000000000000       0.999983634905788     
   4.35999999999999       0.999983799594865     
   4.37999999999999       0.999983961710423     
   4.39999999999999       0.999984121307310     
   4.41999999999999       0.999984278441773     
   4.43999999999999       0.999984433166527     
   4.45999999999999       0.999984585530800     
   4.47999999999999       0.999984735585396     
   4.49999999999999       0.999984883379741     
   4.51999999999999       0.999985028959930     
   4.53999999999999       0.999985172372777     
   4.55999999999999       0.999985313661858     
   4.57999999999999       0.999985452870555     
   4.59999999999999       0.999985590042092     
   4.61999999999999       0.999985725216579     
   4.63999999999999       0.999985858435046     
   4.65999999999999       0.999985989735481     
   4.67999999999999       0.999986119156861     
   4.69999999999999       0.999986246735189     
   4.71999999999999       0.999986372507522     
   4.73999999999999       0.999986496508003     
   4.75999999999999       0.999986618771889     
   4.77999999999999       0.999986739332581     
   4.79999999999999       0.999986858222647     
   4.81999999999999       0.999986975471853     
   4.83999999999998       0.999987091114182     
   4.85999999999998       0.999987205177864     
   4.87999999999998       0.999987317693393     
   4.89999999999998       0.999987428689555     
   4.91999999999998       0.999987538193442     
   4.93999999999998       0.999987646233482     
   4.95999999999998       0.999987752836450     
   4.97999999999998       0.999987858027492     
   4.99999999999998       0.999987961833142     
   5.01999999999998       0.999988064278341     
   5.03999999999998       0.999988165387450     
   5.05999999999998       0.999988265183273     
   5.07999999999998       0.999988363690068     
   5.09999999999998       0.999988460930563     
   5.11999999999998       0.999988556926975     
   5.13999999999998       0.999988651700017     
   5.15999999999998       0.999988745271919     
   5.17999999999998       0.999988837663438     
   5.19999999999998       0.999988928894871     
   5.21999999999998       0.999989018985068     
   5.23999999999998       0.999989107955443     
   5.25999999999998       0.999989195822991     
   5.27999999999998       0.999989282607290     
   5.29999999999997       0.999989368326521     
   5.31999999999997       0.999989452998474     
   5.33999999999997       0.999989536639558     
   5.35999999999997       0.999989619268814     
   5.37999999999997       0.999989700899921     
   5.39999999999997       0.999989781552208     
   5.41999999999997       0.999989861240663     
   5.43999999999997       0.999989939980941     
   5.45999999999997       0.999990017787370     
   5.47999999999997       0.999990094676965     
   5.49999999999997       0.999990170662431     
   5.51999999999997       0.999990245759174     
   5.53999999999997       0.999990319981305     
   5.55999999999997       0.999990393341651     
   5.57999999999997       0.999990465855761     
   5.59999999999997       0.999990537535911     
   5.61999999999997       0.999990608394112     
   5.63999999999997       0.999990678444117     
   5.65999999999997       0.999990747698427     
   5.67999999999997       0.999990816169298     
   5.69999999999997       0.999990883868742     
   5.71999999999997       0.999990950807541     
   5.73999999999997       0.999991016999246     
   5.75999999999997       0.999991082453185     
   5.77999999999996       0.999991147181467     
   5.79999999999996       0.999991211195989     
   5.81999999999996       0.999991274505441     
   5.83999999999996       0.999991337121308     
   5.85999999999996       0.999991399053877     
   5.87999999999996       0.999991460313242     
   5.89999999999996       0.999991520908307     
   5.91999999999996       0.999991580850791     
   5.93999999999996       0.999991640148232     
   5.95999999999996       0.999991698810992     
   5.97999999999996       0.999991756849260     
   5.99999999999996       0.999991814270056     
   6.01999999999996       0.999991871083235     
   6.03999999999996       0.999991927297490     
   6.05999999999996       0.999991982921357     
   6.07999999999996       0.999992037963219     
   6.09999999999996       0.999992092430304     
   6.11999999999996       0.999992146332698     
   6.13999999999996       0.999992199676338     
   6.15999999999996       0.999992252471021     
   6.17999999999996       0.999992304722408     
   6.19999999999996       0.999992356439023     
   6.21999999999996       0.999992407628256     
   6.23999999999995       0.999992458298372     
   6.25999999999995       0.999992508454505     
   6.27999999999995       0.999992558104668     
   6.29999999999995       0.999992607254750     
   6.31999999999995       0.999992655913525     
   6.33999999999995       0.999992704086646     
   6.35999999999995       0.999992751779655     
   6.37999999999995       0.999992799000983     
   6.39999999999995       0.999992845754949     
   6.41999999999995       0.999992892049768     
   6.43999999999995       0.999992937889549     
   6.45999999999995       0.999992983281297     
   6.47999999999995       0.999993028230920     
   6.49999999999995       0.999993072745224     
   6.51999999999995       0.999993116827920     
   6.53999999999995       0.999993160484624     
   6.55999999999995       0.999993203723861     
   6.57999999999995       0.999993246548063     
   6.59999999999995       0.999993288962575     
   6.61999999999995       0.999993330974652     
   6.63999999999995       0.999993372588468     
   6.65999999999995       0.999993413808108     
   6.67999999999995       0.999993454640579     
   6.69999999999995       0.999993495088806     
   6.71999999999994       0.999993535158635     
   6.73999999999994       0.999993574855834     
   6.75999999999994       0.999993614183096     
   6.77999999999994       0.999993653146038     
   6.79999999999994       0.999993691749208     
   6.81999999999994       0.999993729998078     
   6.83999999999994       0.999993767894051     
   6.85999999999994       0.999993805445462     
   6.87999999999994       0.999993842652578     
   6.89999999999994       0.999993879522599     
   6.91999999999994       0.999993916058661     
   6.93999999999994       0.999993952264836     
   6.95999999999994       0.999993988145132     
   6.97999999999994       0.999994023702497     
   6.99999999999994       0.999994058942819     
   7.01999999999994       0.999994093867924     
   7.03999999999994       0.999994128483583     
   7.05999999999994       0.999994162791510     
   7.07999999999994       0.999994196797359     
   7.09999999999994       0.999994230502734     
   7.11999999999994       0.999994263912181     
   7.13999999999994       0.999994297029197     
   7.15999999999994       0.999994329858223     
   7.17999999999993       0.999994362400650     
   7.19999999999993       0.999994394660821     
   7.21999999999993       0.999994426642027     
   7.23999999999993       0.999994458347513     
   7.25999999999993       0.999994489780474     
   7.27999999999993       0.999994520944060     
   7.29999999999993       0.999994551841374     
   7.31999999999993       0.999994582474475     
   7.33999999999993       0.999994612848377     
   7.35999999999993       0.999994642965050     
   7.37999999999993       0.999994672827424     
   7.39999999999993       0.999994702438383     
   7.41999999999993       0.999994731799772     
   7.43999999999993       0.999994760916397     
   7.45999999999993       0.999994789789020     
   7.47999999999993       0.999994818421367     
   7.49999999999993       0.999994846817125     
   7.51999999999993       0.999994874976942     
   7.53999999999993       0.999994902905430     
   7.55999999999993       0.999994930603164     
   7.57999999999993       0.999994958073684     
   7.59999999999993       0.999994985319492     
   7.61999999999993       0.999995012344058     
   7.63999999999993       0.999995039147817     
   7.65999999999992       0.999995065734170     
   7.67999999999992       0.999995092105486     
   7.69999999999992       0.999995118264099     
   7.71999999999992       0.999995144212314     
   7.73999999999992       0.999995169952403     
   7.75999999999992       0.999995195486608     
   7.77999999999992       0.999995220817140     
   7.79999999999992       0.999995245946180     
   7.81999999999992       0.999995270875879     
   7.83999999999992       0.999995295607362     
   7.85999999999992       0.999995320144721     
   7.87999999999992       0.999995344489025     
   7.89999999999992       0.999995368641310     
   7.91999999999992       0.999995392605591     
   7.93999999999992       0.999995416382850     
   7.95999999999992       0.999995439974049     
   7.97999999999992       0.999995463383119     
   7.99999999999992       0.999995486609968     
   8.01999999999992       0.999995509658480     
   8.03999999999992       0.999995532528511     
   8.05999999999992       0.999995555222897     
   8.07999999999992       0.999995577744446     
   8.09999999999992       0.999995600092946     
   8.11999999999992       0.999995622271161     
   8.13999999999992       0.999995644281831     
   8.15999999999991       0.999995666124673     
   8.17999999999991       0.999995687802386     
   8.19999999999991       0.999995709316642     
   8.21999999999991       0.999995730669097     
   8.23999999999991       0.999995751861381     
   8.25999999999991       0.999995772896107     
   8.27999999999991       0.999995793772865     
   8.29999999999991       0.999995814493227     
   8.31999999999991       0.999995835061745     
   8.33999999999991       0.999995855475949     
   8.35999999999991       0.999995875740353     
   8.37999999999991       0.999995895855451     
   8.39999999999991       0.999995915822717     
   8.41999999999991       0.999995935643609     
   8.43999999999991       0.999995955319566     
   8.45999999999991       0.999995974852007     
   8.47999999999991       0.999995994241338     
   8.49999999999991       0.999996013490944     
   8.51999999999991       0.999996032601196     
   8.53999999999991       0.999996051573444     
   8.55999999999991       0.999996070408025     
   8.57999999999991       0.999996089107260     
   8.59999999999991       0.999996107673451     
   8.61999999999991       0.999996126106888     
   8.63999999999990       0.999996144407842     
   8.65999999999990       0.999996162579570     
   8.67999999999990       0.999996180621315     
   8.69999999999990       0.999996198536304     
   8.71999999999990       0.999996216323749     
   8.73999999999990       0.999996233986848     
   8.75999999999990       0.999996251524785     
   8.77999999999990       0.999996268939730     
   8.79999999999990       0.999996286233839     
   8.81999999999990       0.999996303406254     
   8.83999999999990       0.999996320459103     
   8.85999999999990       0.999996337393503     
   8.87999999999990       0.999996354210555     
   8.89999999999990       0.999996370911350     
   8.91999999999990       0.999996387497964     
   8.93999999999990       0.999996403969462     
   8.95999999999990       0.999996420327895     
   8.97999999999990       0.999996436574303     
   8.99999999999990       0.999996452709715     
   9.01999999999990       0.999996468735146     
   9.03999999999990       0.999996484651600     
   9.05999999999990       0.999996500460071     
   9.07999999999990       0.999996516161539     
   9.09999999999989       0.999996531756975     
   9.11999999999989       0.999996547247338     
   9.13999999999989       0.999996562633577     
   9.15999999999989       0.999996577916628     
   9.17999999999989       0.999996593096419     
   9.19999999999989       0.999996608176867     
   9.21999999999989       0.999996623154877     
   9.23999999999989       0.999996638034345     
   9.25999999999989       0.999996652815158     
   9.27999999999989       0.999996667497192     
   9.29999999999989       0.999996682083312     
   9.31999999999989       0.999996696573376     
   9.33999999999989       0.999996710967231     
   9.35999999999989       0.999996725267714     
   9.37999999999989       0.999996739474654     
   9.39999999999989       0.999996753587871     
   9.41999999999989       0.999996767610174     
   9.43999999999989       0.999996781541366     
   9.45999999999989       0.999996795381239     
   9.47999999999989       0.999996809132577     
   9.49999999999989       0.999996822794155     
   9.51999999999989       0.999996836368742     
   9.53999999999989       0.999996849855095     
   9.55999999999989       0.999996863255966     
   9.57999999999988       0.999996876570096     
   9.59999999999988       0.999996889799220     
   9.61999999999988       0.999996902944065     
   9.63999999999988       0.999996916006350     
   9.65999999999988       0.999996928984785     
   9.67999999999988       0.999996941881075     
   9.69999999999988       0.999996954696914     
   9.71999999999988       0.999996967430993     
   9.73999999999988       0.999996980084991     
   9.75999999999988       0.999996992660584     
   9.77999999999988       0.999997005156438     
   9.79999999999988       0.999997017574213     
   9.81999999999988       0.999997029914562     
   9.83999999999988       0.999997042178132     
   9.85999999999988       0.999997054365561     
   9.87999999999988       0.999997066478483     
   9.89999999999988       0.999997078515524     
   9.91999999999988       0.999997090478302     
   9.93999999999988       0.999997102367432     
   9.95999999999988       0.999997114183520     
   9.97999999999988       0.999997125927167     
   9.99999999999988       0.999997137598967     
   10.0199999999999       0.999997149199509     
   10.0399999999999       0.999997160729374     
   10.0599999999999       0.999997172189139     
   10.0799999999999       0.999997183579374     
   10.0999999999999       0.999997194900644     
   10.1199999999999       0.999997206153507     
   10.1399999999999       0.999997217337518     
   10.1599999999999       0.999997228455222     
   10.1799999999999       0.999997239506162     
   10.1999999999999       0.999997250490875     
   10.2199999999999       0.999997261409892     
   10.2399999999999       0.999997272263738     
   10.2599999999999       0.999997283051933     
   10.2799999999999       0.999997293776994     
   10.2999999999999       0.999997304438430     
   10.3199999999999       0.999997315035747     
   10.3399999999999       0.999997325571444     
   10.3599999999999       0.999997336045016     
   10.3799999999999       0.999997346456953     
   10.3999999999999       0.999997356806741     
   10.4199999999999       0.999997367096860     
   10.4399999999999       0.999997377326787     
   10.4599999999999       0.999997387495991     
   10.4799999999999       0.999997397606939     
   10.4999999999999       0.999997407658094     
   10.5199999999999       0.999997417651912     
   10.5399999999999       0.999997427586847     
   10.5599999999999       0.999997437465347     
   10.5799999999999       0.999997447285857     
   10.5999999999999       0.999997457050815     
   10.6199999999999       0.999997466758658     
   10.6399999999999       0.999997476411817     
   10.6599999999999       0.999997486008720     
   10.6799999999999       0.999997495551789     
   10.6999999999999       0.999997505040443     
   10.7199999999999       0.999997514474097     
   10.7399999999999       0.999997523854163     
   10.7599999999999       0.999997533181048     
   10.7799999999999       0.999997542456155     
   10.7999999999999       0.999997551677883     
   10.8199999999999       0.999997560847628     
   10.8399999999999       0.999997569966783     
   10.8599999999999       0.999997579033734     
   10.8799999999999       0.999997588050867     
   10.8999999999999       0.999997597016563     
   10.9199999999999       0.999997605932198     
   10.9399999999999       0.999997614798147     
   10.9599999999999       0.999997623614781     
   10.9799999999999       0.999997632383465     
   10.9999999999999       0.999997641102564     
   11.0199999999999       0.999997649773437     
   11.0399999999999       0.999997658396441     
   11.0599999999999       0.999997666971929     
   11.0799999999999       0.999997675501253     
   11.0999999999999       0.999997683981757     
   11.1199999999999       0.999997692417787     
   11.1399999999999       0.999997700806683     
   11.1599999999999       0.999997709149782     
   11.1799999999999       0.999997717447418     
   11.1999999999999       0.999997725699923     
   11.2199999999998       0.999997733907626     
   11.2399999999998       0.999997742070850     
   11.2599999999998       0.999997750189919     
   11.2799999999998       0.999997758265151     
   11.2999999999998       0.999997766296865     
   11.3199999999998       0.999997774285371     
   11.3399999999998       0.999997782230983     
   11.3599999999998       0.999997790134008     
   11.3799999999998       0.999997797994750     
   11.3999999999998       0.999997805813512     
   11.4199999999998       0.999997813590595     
   11.4399999999998       0.999997821325295     
   11.4599999999998       0.999997829019907     
   11.4799999999998       0.999997836673722     
   11.4999999999998       0.999997844287029     
   11.5199999999998       0.999997851860116     
   11.5399999999998       0.999997859393266     
   11.5599999999998       0.999997866886761     
   11.5799999999998       0.999997874340880     
   11.5999999999998       0.999997881754899     
   11.6199999999998       0.999997889131094     
   11.6399999999998       0.999997896468735     
   11.6599999999998       0.999997903767091     
   11.6799999999998       0.999997911028431     
   11.6999999999998       0.999997918252019     
   11.7199999999998       0.999997925438117     
   11.7399999999998       0.999997932585984     
   11.7599999999998       0.999997939697881     
   11.7799999999998       0.999997946773061     
   11.7999999999998       0.999997953810777     
   11.8199999999998       0.999997960813283     
   11.8399999999998       0.999997967779825     
   11.8599999999998       0.999997974709652     
   11.8799999999998       0.999997981605009     
   11.8999999999998       0.999997988465137     
   11.9199999999998       0.999997995289277     
   11.9399999999998       0.999998002079668     
   11.9599999999998       0.999998008834546     
   11.9799999999998       0.999998015556147     
