   0.00000000000000       0.683224750875436     
  2.000000000000000E-002  0.683299844730375     
  4.000000000000000E-002  0.683525085645103     
  6.000000000000000E-002  0.683900351430928     
  8.000000000000000E-002  0.684425437625106     
  0.100000000000000       0.685100056277005     
  0.120000000000000       0.685923834255181     
  0.140000000000000       0.686896311079256     
  0.160000000000000       0.688016936295769     
  0.180000000000000       0.689285066400442     
  0.200000000000000       0.690699961328142     
  0.220000000000000       0.692260780525595     
  0.240000000000000       0.693966578628105     
  0.260000000000000       0.695816300764032     
  0.280000000000000       0.697808777513968     
  0.300000000000000       0.699942719557936     
  0.320000000000000       0.702216712039215     
  0.340000000000000       0.704629208693838     
  0.360000000000000       0.707178525779254     
  0.380000000000000       0.709862835857067     
  0.400000000000000       0.712680161477864     
  0.420000000000000       0.715628368832222     
  0.440000000000000       0.718705161424956     
  0.460000000000000       0.721908073840098     
  0.480000000000000       0.725234465678210     
  0.500000000000000       0.728681515731050     
  0.520000000000000       0.732246216490332     
  0.540000000000000       0.735925369063630     
  0.560000000000000       0.739715578602241     
  0.580000000000000       0.743613250324128     
  0.600000000000000       0.747614586235829     
  0.620000000000000       0.751715582652712     
  0.640000000000000       0.755912028610939     
  0.660000000000000       0.760199505280562     
  0.680000000000000       0.764573386470075     
  0.700000000000000       0.769028840323299     
  0.720000000000000       0.773560832293355     
  0.740000000000000       0.778164129483614     
  0.760000000000000       0.782833306425421     
  0.780000000000000       0.787562752370486     
  0.800000000000000       0.792346680133017     
  0.820000000000000       0.797179136540301     
  0.840000000000000       0.802054014508296     
  0.860000000000000       0.806965066743782     
  0.880000000000000       0.811905921074942     
  0.900000000000000       0.816870097363175     
  0.920000000000000       0.821851025951145     
  0.940000000000001       0.826842067566687     
  0.960000000000001       0.831836534583347     
  0.980000000000001       0.836827713513926     
   1.00000000000000       0.841808888595502     
   1.02000000000000       0.846773366288057     
   1.04000000000000       0.851714500515618     
   1.06000000000000       0.856625718427892     
   1.08000000000000       0.861500546466030     
   1.10000000000000       0.866332636508034     
   1.12000000000000       0.871115791824422     
   1.14000000000000       0.875843992616927     
   1.16000000000000       0.880511420876004     
   1.18000000000000       0.885112484298422     
   1.20000000000000       0.889641839037295     
   1.22000000000000       0.894094411030561     
   1.24000000000000       0.898465415699242     
   1.26000000000000       0.902750375808820     
   1.28000000000000       0.906945137313637     
   1.30000000000000       0.911045883034402     
   1.32000000000000       0.915049144028761     
   1.34000000000000       0.918951808579809     
   1.36000000000000       0.922751128710262     
   1.38000000000000       0.926444724220893     
   1.40000000000000       0.930030584217231     
   1.42000000000000       0.933507066185971     
   1.44000000000000       0.936872892670128     
   1.46000000000000       0.940127145625096     
   1.48000000000000       0.943269258594488     
   1.50000000000000       0.946299006823766     
   1.52000000000000       0.949216495487474     
   1.54000000000000       0.952022146201946     
   1.56000000000000       0.954716682021967     
   1.58000000000000       0.957301111107677     
   1.60000000000000       0.959776709293332     
   1.62000000000000       0.962145001744260     
   1.64000000000000       0.964407743926844     
   1.66000000000000       0.966566902090230     
   1.68000000000000       0.968624633465437     
   1.70000000000000       0.970583266355305     
   1.72000000000000       0.972445280318231     
   1.74000000000000       0.974213286585514     
   1.76000000000000       0.975890008878602     
   1.78000000000000       0.977478264754015     
   1.80000000000000       0.978980947600749     
   1.82000000000000       0.980401009382173     
   1.84000000000000       0.981741444218646     
   1.86000000000000       0.983005272875585     
   1.88000000000000       0.984195528212490     
   1.90000000000000       0.985315241631492     
   1.92000000000000       0.986367430556602     
   1.94000000000000       0.987355086945140     
   1.96000000000000       0.988281166849630     
   1.98000000000000       0.989148580999990     
   2.00000000000000       0.989960186408834     
   2.02000000000000       0.990718778962984     
   2.04000000000000       0.991427086963620     
   2.06000000000000       0.992087765584624     
   2.08000000000000       0.992703392206629     
   2.10000000000000       0.993276462562359     
   2.12000000000000       0.993809387677773     
   2.14000000000000       0.994304491506764     
   2.16000000000000       0.994764009267028     
   2.18000000000000       0.995190086369103     
   2.20000000000000       0.995584777920361     
   2.22000000000000       0.995950048739069     
   2.24000000000000       0.996287773828929     
   2.26000000000000       0.996599739270505     
   2.28000000000000       0.996887643470480     
   2.30000000000000       0.997153098741216     
   2.32000000000000       0.997397633145225     
   2.34000000000000       0.997622692592761     
   2.36000000000000       0.997829643126743     
   2.38000000000000       0.998019773384083     
   2.40000000000000       0.998194297176075     
   2.42000000000000       0.998354356193113     
   2.44000000000000       0.998501022761862     
   2.46000000000000       0.998635302675031     
   2.48000000000000       0.998758138037662     
   2.50000000000000       0.998870410127473     
   2.52000000000000       0.998972942250453     
   2.54000000000000       0.999066502565049     
   2.56000000000000       0.999151806877694     
   2.58000000000000       0.999229521381315     
   2.60000000000000       0.999300265338689     
   2.62000000000000       0.999364613694337     
   2.64000000000000       0.999423099620961     
   2.66000000000000       0.999476216966038     
   2.68000000000000       0.999524422632334     
   2.70000000000000       0.999568138854809     
   2.72000000000000       0.999607755396581     
   2.74000000000000       0.999643631637084     
   2.76000000000000       0.999676098585570     
   2.78000000000000       0.999705460781384     
   2.80000000000000       0.999731998108932     
   2.82000000000000       0.999755967520648     
   2.84000000000000       0.999777604666149     
   2.86000000000000       0.999797125429432     
   2.88000000000000       0.999814727380734     
   2.90000000000000       0.999830591146608     
   2.92000000000000       0.999844881689976     
   2.94000000000000       0.999857749518405     
   2.96000000000000       0.999869331812664     
   2.98000000000000       0.999879753479796     
   3.00000000000000       0.999889128137186     
   3.02000000000000       0.999897559038550     
   3.04000000000000       0.999905139916544     
   3.06000000000000       0.999911955789134     
   3.08000000000000       0.999918083689007     
   3.10000000000000       0.999923593346613     
   3.12000000000000       0.999928547828817     
   3.14000000000000       0.999933004115309     
   3.16000000000000       0.999937013643113     
   3.18000000000000       0.999940622798962     
   3.20000000000000       0.999943873379824     
   3.22000000000000       0.999946803012084     
   3.24000000000000       0.999949445538475     
   3.26000000000000       0.999951831368541     
   3.28000000000000       0.999953987805876     
   3.30000000000000       0.999955939343300     
   3.32000000000000       0.999957707933503     
   3.34000000000000       0.999959313237066     
   3.36000000000000       0.999960772844188     
   3.38000000000000       0.999962102481695     
   3.40000000000000       0.999963316202539     
   3.42000000000000       0.999964426548295     
   3.44000000000000       0.999965444706930     
   3.46000000000000       0.999966380650654     
   3.48000000000000       0.999967243262772     
   3.50000000000000       0.999968040446967     
   3.52000000000000       0.999968779236534     
   3.54000000000000       0.999969465882573     
   3.56000000000000       0.999970105938496     
   3.58000000000000       0.999970704336212     
   3.60000000000000       0.999971265449222     
   3.62000000000000       0.999971793159833     
   3.64000000000000       0.999972290909143     
   3.66000000000000       0.999972761746878     
   3.68000000000000       0.999973208375033     
   3.70000000000000       0.999973633186883     
   3.72000000000000       0.999974038301862     
   3.74000000000000       0.999974425595574     
   3.76000000000000       0.999974796731942     
   3.78000000000000       0.999975153180226     
   3.80000000000000       0.999975496245811     
   3.82000000000000       0.999975827082071     
   3.84000000000000       0.999976146711031     
   3.86000000000000       0.999976456042073     
   3.88000000000000       0.999976915629137     
   3.90000000000000       0.999977184057342     
   3.92000000000000       0.999977447399230     
   3.94000000000000       0.999977705877018     
   3.96000000000000       0.999977959642049     
   3.98000000000000       0.999978208828822     
   4.00000000000000       0.999978453558598     
   4.02000000000000       0.999978693950001     
   4.04000000000000       0.999978930115080     
   4.06000000000000       0.999979162159649     
   4.08000000000000       0.999979390186844     
   4.10000000000000       0.999979614297345     
   4.12000000000000       0.999979834585184     
   4.14000000000000       0.999980051143403     
   4.16000000000000       0.999980264062016     
   4.18000000000000       0.999980473425956     
   4.20000000000000       0.999980679320693     
   4.22000000000000       0.999980881824675     
   4.24000000000000       0.999981081018222     
   4.26000000000000       0.999981276975947     
   4.28000000000000       0.999981469772348     
   4.30000000000000       0.999981659477506     
   4.32000000000000       0.999981846161569     
   4.34000000000000       0.999982029891540     
   4.35999999999999       0.999982210732453     
   4.37999999999999       0.999982388747453     
   4.39999999999999       0.999982563996766     
   4.41999999999999       0.999982736542156     
   4.43999999999999       0.999982906441507     
   4.45999999999999       0.999983073748876     
   4.47999999999999       0.999983238520049     
   4.49999999999999       0.999983400809299     
   4.51999999999999       0.999983560667241     
   4.53999999999999       0.999983718145283     
   4.55999999999999       0.999983873291273     
   4.57999999999999       0.999984026152845     
   4.59999999999999       0.999984176777467     
   4.61999999999999       0.999984325209178     
   4.63999999999999       0.999984471493036     
   4.65999999999999       0.999984615670752     
   4.67999999999999       0.999984757785126     
   4.69999999999999       0.999984897875693     
   4.71999999999999       0.999985035983143     
   4.73999999999999       0.999985172144968     
   4.75999999999999       0.999985306399883     
   4.77999999999999       0.999985438784564     
   4.79999999999999       0.999985569334775     
   4.81999999999999       0.999985698083199     
   4.83999999999998       0.999985825067153     
   4.85999999999998       0.999985950317635     
   4.87999999999998       0.999986073868131     
   4.89999999999998       0.999986195750248     
   4.91999999999998       0.999986315993737     
   4.93999999999998       0.999986434629813     
   4.95999999999998       0.999986551687877     
   4.97999999999998       0.999986667195541     
   4.99999999999998       0.999986781181942     
   5.01999999999998       0.999986893674465     
   5.03999999999998       0.999987004699863     
   5.05999999999998       0.999987114283175     
   5.07999999999998       0.999987222451039     
   5.09999999999998       0.999987329228411     
   5.11999999999998       0.999987434639687     
   5.13999999999998       0.999987538707611     
   5.15999999999998       0.999987641456595     
   5.17999999999998       0.999987742909430     
   5.19999999999998       0.999987843088403     
   5.21999999999998       0.999987942014215     
   5.23999999999998       0.999988039710379     
   5.25999999999998       0.999988136195556     
   5.27999999999998       0.999988231491246     
   5.29999999999997       0.999988325617411     
   5.31999999999997       0.999988418593587     
   5.33999999999997       0.999988510437791     
   5.35999999999997       0.999988601170933     
   5.37999999999997       0.999988690808033     
   5.39999999999997       0.999988779370316     
   5.41999999999997       0.999988866874239     
   5.43999999999997       0.999988953336992     
   5.45999999999997       0.999989038774310     
   5.47999999999997       0.999989123204875     
   5.49999999999997       0.999989206642640     
   5.51999999999997       0.999989289104519     
   5.53999999999997       0.999989370606011     
   5.55999999999997       0.999989451161197     
   5.57999999999997       0.999989530787153     
   5.59999999999997       0.999989609497358     
   5.61999999999997       0.999989687305003     
   5.63999999999997       0.999989764225187     
   5.65999999999997       0.999989840271640     
   5.67999999999997       0.999989915457816     
   5.69999999999997       0.999989989796909     
   5.71999999999997       0.999990063300756     
   5.73999999999997       0.999990135984239     
   5.75999999999997       0.999990207857598     
   5.77999999999996       0.999990278934133     
   5.79999999999996       0.999990349226905     
   5.81999999999996       0.999990418745458     
   5.83999999999996       0.999990487502402     
   5.85999999999996       0.999990555509034     
   5.87999999999996       0.999990622776438     
   5.89999999999996       0.999990689314390     
   5.91999999999996       0.999990755135760     
   5.93999999999996       0.999990820248824     
   5.95999999999996       0.999990884664961     
   5.97999999999996       0.999990948395359     
   5.99999999999996       0.999991011447726     
   6.01999999999996       0.999991073832884     
   6.03999999999996       0.999991135560379     
   6.05999999999996       0.999991196639584     
   6.07999999999996       0.999991257079702     
   6.09999999999996       0.999991316888674     
   6.11999999999996       0.999991376077571     
   6.13999999999996       0.999991434652915     
   6.15999999999996       0.999991492625464     
   6.17999999999996       0.999991550001432     
   6.19999999999996       0.999991606790180     
   6.21999999999996       0.999991662999824     
   6.23999999999995       0.999991718639438     
   6.25999999999995       0.999991773714660     
   6.27999999999995       0.999991828234289     
   6.29999999999995       0.999991882204793     
   6.31999999999995       0.999991935635802     
   6.33999999999995       0.999991988533528     
   6.35999999999995       0.999992040904056     
   6.37999999999995       0.999992092756641     
   6.39999999999995       0.999992144096029     
   6.41999999999995       0.999992194931239     
   6.43999999999995       0.999992245266782     
   6.45999999999995       0.999992295110352     
   6.47999999999995       0.999992344468435     
   6.49999999999995       0.999992393348504     
   6.51999999999995       0.999992441754636     
   6.53999999999995       0.999992489692998     
   6.55999999999995       0.999992537172948     
   6.57999999999995       0.999992584197160     
   6.59999999999995       0.999992630771500     
   6.61999999999995       0.999992676903937     
   6.63999999999995       0.999992722599053     
   6.65999999999995       0.999992767861335     
   6.67999999999995       0.999992812698475     
   6.69999999999995       0.999992857113687     
   6.71999999999994       0.999992901113389     
   6.73999999999994       0.999992944703915     
   6.75999999999994       0.999992987888223     
   6.77999999999994       0.999993030672481     
   6.79999999999994       0.999993073061682     
   6.81999999999994       0.999993115061833     
   6.83999999999994       0.999993156674479     
   6.85999999999994       0.999993197908768     
   6.87999999999994       0.999993238764996     
   6.89999999999994       0.999993279251069     
   6.91999999999994       0.999993319370429     
   6.93999999999994       0.999993359127548     
   6.95999999999994       0.999993398526829     
   6.97999999999994       0.999993437571506     
   6.99999999999994       0.999993476268045     
   7.01999999999994       0.999993514618454     
   7.03999999999994       0.999993552629068     
   7.05999999999994       0.999993590301767     
   7.07999999999994       0.999993627642764     
   7.09999999999994       0.999993664653816     
   7.11999999999994       0.999993701339918     
   7.13999999999994       0.999993737704907     
   7.15999999999994       0.999993773753663     
   7.17999999999993       0.999993809487711     
   7.19999999999993       0.999993844911821     
   7.21999999999993       0.999993880029607     
   7.23999999999993       0.999993914844630     
   7.25999999999993       0.999993949360401     
   7.27999999999993       0.999993983580378     
   7.29999999999993       0.999994017507968     
   7.31999999999993       0.999994051145432     
   7.33999999999993       0.999994084498276     
   7.35999999999993       0.999994117568664     
   7.37999999999993       0.999994150359812     
   7.39999999999993       0.999994182874888     
   7.41999999999993       0.999994215115917     
   7.43999999999993       0.999994247088175     
   7.45999999999993       0.999994278792502     
   7.47999999999993       0.999994310232988     
   7.49999999999993       0.999994341413680     
   7.51999999999993       0.999994372335293     
   7.53999999999993       0.999994403002888     
   7.55999999999993       0.999994433417098     
   7.57999999999993       0.999994463581810     
   7.59999999999993       0.999994493499771     
   7.61999999999993       0.999994523174792     
   7.63999999999993       0.999994552607350     
   7.65999999999992       0.999994581801180     
   7.67999999999992       0.999994610758882     
   7.69999999999992       0.999994639483022     
   7.71999999999992       0.999994667976128     
   7.73999999999992       0.999994696240696     
   7.75999999999992       0.999994724279188     
   7.77999999999992       0.999994752094031     
   7.79999999999992       0.999994779687621     
   7.81999999999992       0.999994807062320     
   7.83999999999992       0.999994834219362     
   7.85999999999992       0.999994861163243     
   7.87999999999992       0.999994887895133     
   7.89999999999992       0.999994914416173     
   7.91999999999992       0.999994940730769     
   7.93999999999992       0.999994966840002     
   7.95999999999992       0.999994992744927     
   7.97999999999992       0.999995018449860     
   7.99999999999992       0.999995043954701     
   8.01999999999992       0.999995069263713     
   8.03999999999992       0.999995094376742     
   8.05999999999992       0.999995119296897     
   8.07999999999992       0.999995144027266     
   8.09999999999992       0.999995168567614     
   8.11999999999992       0.999995192920974     
   8.13999999999992       0.999995217090358     
   8.15999999999991       0.999995241075456     
   8.17999999999991       0.999995264879227     
   8.19999999999991       0.999995288503512     
   8.21999999999991       0.999995311950126     
   8.23999999999991       0.999995335220861     
   8.25999999999991       0.999995358318585     
   8.27999999999991       0.999995381242849     
   8.29999999999991       0.999995403995378     
   8.31999999999991       0.999995426581170     
   8.33999999999991       0.999995448997514     
   8.35999999999991       0.999995471249367     
   8.37999999999991       0.999995493337269     
   8.39999999999991       0.999995515262842     
   8.41999999999991       0.999995537027685     
   8.43999999999991       0.999995558633377     
   8.45999999999991       0.999995580081479     
   8.47999999999991       0.999995601372435     
   8.49999999999991       0.999995622509963     
   8.51999999999991       0.999995643494468     
   8.53999999999991       0.999995664327436     
   8.55999999999991       0.999995685009235     
   8.57999999999991       0.999995705542413     
   8.59999999999991       0.999995725929500     
   8.61999999999991       0.999995746170812     
   8.63999999999990       0.999995766266647     
   8.65999999999990       0.999995786220583     
   8.67999999999990       0.999995806031788     
   8.69999999999990       0.999995825703805     
   8.71999999999990       0.999995845235769     
   8.73999999999990       0.999995864631192     
   8.75999999999990       0.999995883889178     
   8.77999999999990       0.999995903012109     
   8.79999999999990       0.999995922002352     
   8.81999999999990       0.999995940858966     
   8.83999999999990       0.999995959584289     
   8.85999999999990       0.999995978179544     
   8.87999999999990       0.999995996645944     
   8.89999999999990       0.999996014984684     
   8.91999999999990       0.999996033198045     
   8.93999999999990       0.999996051284999     
   8.95999999999990       0.999996069247800     
   8.97999999999990       0.999996087087589     
   8.99999999999990       0.999996104805496     
   9.01999999999990       0.999996122402635     
   9.03999999999990       0.999996139880110     
   9.05999999999990       0.999996157239010     
   9.07999999999990       0.999996174480414     
   9.09999999999989       0.999996191605386     
   9.11999999999989       0.999996208614981     
   9.13999999999989       0.999996225510239     
   9.15999999999989       0.999996242292189     
   9.17999999999989       0.999996258960752     
   9.19999999999989       0.999996275520228     
   9.21999999999989       0.999996291967220     
   9.23999999999989       0.999996308306005     
   9.25999999999989       0.999996324536460     
   9.27999999999989       0.999996340658448     
   9.29999999999989       0.999996356675115     
   9.31999999999989       0.999996372586305     
   9.33999999999989       0.999996388391850     
   9.35999999999989       0.999996404094866     
   9.37999999999989       0.999996419695165     
   9.39999999999989       0.999996435192548     
   9.41999999999989       0.999996450590102     
   9.43999999999989       0.999996465887608     
   9.45999999999989       0.999996481084839     
   9.47999999999989       0.999996496184852     
   9.49999999999989       0.999996511186303     
   9.51999999999989       0.999996526092230     
   9.53999999999989       0.999996540901269     
   9.55999999999989       0.999996555616443     
   9.57999999999988       0.999996570236368     
   9.59999999999988       0.999996584762952     
   9.61999999999988       0.999996599196990     
   9.63999999999988       0.999996613540370     
   9.65999999999988       0.999996627791677     
   9.67999999999988       0.999996641952782     
   9.69999999999988       0.999996656025547     
   9.71999999999988       0.999996670008532     
   9.73999999999988       0.999996683903584     
   9.75999999999988       0.999996697712540     
   9.77999999999988       0.999996711433936     
   9.79999999999988       0.999996725069596     
   9.81999999999988       0.999996738620237     
   9.83999999999988       0.999996752086568     
   9.85999999999988       0.999996765469291     
   9.87999999999988       0.999996778770199     
   9.89999999999988       0.999996791987783     
   9.91999999999988       0.999996805123822     
   9.93999999999988       0.999996818178990     
   9.95999999999988       0.999996831153952     
   9.97999999999988       0.999996844049369     
   9.99999999999988       0.999996856865892     
   10.0199999999999       0.999996869604167     
   10.0399999999999       0.999996882264835     
   10.0599999999999       0.999996894848527     
   10.0799999999999       0.999996907355871     
   10.0999999999999       0.999996919787485     
   10.1199999999999       0.999996932143984     
   10.1399999999999       0.999996944424876     
   10.1599999999999       0.999996956632960     
   10.1799999999999       0.999996968767732     
   10.1999999999999       0.999996980829781     
   10.2199999999999       0.999996992819691     
   10.2399999999999       0.999997004738038     
   10.2599999999999       0.999997016584297     
   10.2799999999999       0.999997028361228     
   10.2999999999999       0.999997040068295     
   10.3199999999999       0.999997051704954     
   10.3399999999999       0.999997063273949     
   10.3599999999999       0.999997074774727     
   10.3799999999999       0.999997086207825     
   10.3999999999999       0.999997097572679     
   10.4199999999999       0.999997108872011     
   10.4399999999999       0.999997120105247     
   10.4599999999999       0.999997131271806     
   10.4799999999999       0.999997142374396     
   10.4999999999999       0.999997153411327     
   10.5199999999999       0.999997164385299     
   10.5399999999999       0.999997175294613     
   10.5599999999999       0.999997186141956     
   10.5799999999999       0.999997196925622     
   10.5999999999999       0.999997207648288     
   10.6199999999999       0.999997218308237     
   10.6399999999999       0.999997228908139     
   10.6599999999999       0.999997239446267     
   10.6799999999999       0.999997249925282     
   10.6999999999999       0.999997260344545     
   10.7199999999999       0.999997270703415     
   10.7399999999999       0.999997281003440     
   10.7599999999999       0.999997291245068     
   10.7799999999999       0.999997301429841     
   10.7999999999999       0.999997311555999     
   10.8199999999999       0.999997321625076     
   10.8399999999999       0.999997331638600     
   10.8599999999999       0.999997341594801     
   10.8799999999999       0.999997351496299     
   10.8999999999999       0.999997361341314     
   10.9199999999999       0.999997371131359     
   10.9399999999999       0.999997380866845     
   10.9599999999999       0.999997390548179     
   10.9799999999999       0.999997400176860     
   10.9999999999999       0.999997409751094     
   11.0199999999999       0.999997419272371     
   11.0399999999999       0.999997428741085     
   11.0599999999999       0.999997438157623     
   11.0799999999999       0.999997447523468     
   11.0999999999999       0.999997456835707     
   11.1199999999999       0.999997466099109     
   11.1399999999999       0.999997475310754     
   11.1599999999999       0.999997484472111     
   11.1799999999999       0.999997493583546     
   11.1999999999999       0.999997502645424     
   11.2199999999998       0.999997511658105     
   11.2399999999998       0.999997520621945     
   11.2599999999998       0.999997529537300     
   11.2799999999998       0.999997538404519     
   11.2999999999998       0.999997547223951     
   11.3199999999998       0.999997555995939     
   11.3399999999998       0.999997564720824     
   11.3599999999998       0.999997573398946     
   11.3799999999998       0.999997582030638     
   11.3999999999998       0.999997590616234     
   11.4199999999998       0.999997599156062     
   11.4399999999998       0.999997607649351     
   11.4599999999998       0.999997616098619     
   11.4799999999998       0.999997624503089     
   11.4999999999998       0.999997632863080     
   11.5199999999998       0.999997641178905     
   11.5399999999998       0.999997649450876     
   11.5599999999998       0.999997657679303     
   11.5799999999998       0.999997665864492     
   11.5999999999998       0.999997674005649     
   11.6199999999998       0.999997682105272     
   11.6399999999998       0.999997690162559     
   11.6599999999998       0.999997698176710     
   11.6799999999998       0.999997706150213     
   11.6999999999998       0.999997714082261     
   11.7199999999998       0.999997721973143     
   11.7399999999998       0.999997729822045     
   11.7599999999998       0.999997737631448     
   11.7799999999998       0.999997745400533     
   11.7999999999998       0.999997753128481     
   11.8199999999998       0.999997760817764     
   11.8399999999998       0.999997768467558     
   11.8599999999998       0.999997776077035     
   11.8799999999998       0.999997783648660     
   11.8999999999998       0.999997791181602     
   11.9199999999998       0.999997798675027     
   11.9399999999998       0.999997806131393     
   11.9599999999998       0.999997813548763     
   11.9799999999998       0.999997820929591     
