   0.00000000000000       0.358853766356440     
  2.000000000000000E-002  0.358911766474977     
  4.000000000000000E-002  0.359085805724728     
  6.000000000000000E-002  0.359376000762375     
  8.000000000000000E-002  0.359782545912949     
  0.100000000000000       0.360305713017564     
  0.120000000000000       0.360945851215712     
  0.140000000000000       0.361703386655494     
  0.160000000000000       0.362578822134043     
  0.180000000000000       0.363572736654375     
  0.200000000000000       0.364685784896290     
  0.220000000000000       0.365918696590662     
  0.240000000000000       0.367272275787705     
  0.260000000000000       0.368747400007827     
  0.280000000000000       0.370345019262121     
  0.300000000000000       0.372066154930171     
  0.320000000000000       0.373911898474393     
  0.340000000000000       0.375883409981518     
  0.360000000000000       0.377981916504132     
  0.380000000000000       0.380208710186843     
  0.400000000000000       0.382565146150318     
  0.420000000000000       0.385052640113611     
  0.440000000000000       0.387672665723144     
  0.460000000000000       0.390426751558859     
  0.480000000000000       0.393316477793635     
  0.500000000000000       0.396343472461364     
  0.520000000000000       0.399509407309845     
  0.540000000000000       0.402815993187901     
  0.560000000000000       0.406264974937892     
  0.580000000000000       0.409858125740242     
  0.600000000000000       0.413597240870028     
  0.620000000000000       0.417484130817832     
  0.640000000000000       0.421520613718091     
  0.660000000000000       0.425708507041372     
  0.680000000000000       0.430049618488668     
  0.700000000000000       0.434545736037042     
  0.720000000000000       0.439198617073546     
  0.740000000000000       0.444009976564873     
  0.760000000000000       0.448981474198023     
  0.780000000000000       0.454114700446770     
  0.800000000000000       0.459411161487653     
  0.820000000000000       0.464872262931329     
  0.840000000000000       0.470499292311445     
  0.860000000000000       0.476293400280119     
  0.880000000000000       0.482255580488759     
  0.900000000000000       0.488386648109353     
  0.920000000000000       0.494687216990156     
  0.940000000000001       0.501157675438817     
  0.960000000000001       0.507798160647556     
  0.980000000000001       0.514608531793187     
   1.00000000000000       0.521588341874627     
   1.02000000000000       0.528736808357490     
   1.04000000000000       0.536052782763716     
   1.06000000000000       0.543534719334328     
   1.08000000000000       0.551180642961865     
   1.10000000000000       0.558988116642375     
   1.12000000000000       0.566954208689222     
   1.14000000000000       0.575075460076619     
   1.16000000000000       0.583347852281929     
   1.18000000000000       0.591766776054604     
   1.20000000000000       0.600327001641424     
   1.22000000000000       0.609022650990807     
   1.24000000000000       0.617847172568315     
   1.26000000000000       0.626793319438251     
   1.28000000000000       0.635853131319101     
   1.30000000000000       0.645017921368276     
   1.32000000000000       0.654278268436660     
   1.34000000000000       0.663624015619767     
   1.36000000000000       0.673044275815067     
   1.38000000000000       0.682527445099764     
   1.40000000000000       0.692061224529851     
   1.42000000000000       0.701632651037841     
   1.44000000000000       0.711228137893833     
   1.46000000000000       0.720833525058005     
   1.48000000000000       0.730434139669514     
   1.50000000000000       0.740014866593675     
   1.52000000000000       0.749560228831179     
   1.54000000000000       0.759054477289859     
   1.56000000000000       0.768481689203339     
   1.58000000000000       0.777825874143163     
   1.60000000000000       0.787071086445869     
   1.62000000000000       0.796201542466142     
   1.64000000000000       0.805201740982385     
   1.66000000000000       0.814056584818948     
   1.68000000000000       0.822751501663146     
   1.70000000000000       0.831272561877716     
   1.72000000000000       0.839606591258044     
   1.74000000000000       0.847741276521039     
   1.76000000000000       0.855665261597216     
   1.78000000000000       0.863368232879837     
   1.80000000000000       0.870840991884203     
   1.82000000000000       0.878075513984081     
   1.84000000000000       0.885064992324256     
   1.86000000000000       0.891803866296587     
   1.88000000000000       0.898287834371550     
   1.90000000000000       0.904513851440064     
   1.92000000000000       0.910480111214194     
   1.94000000000000       0.916186014470476     
   1.96000000000000       0.921632124367463     
   1.98000000000000       0.926820110093708     
   2.00000000000000       0.931752680528992     
   2.02000000000000       0.936433509548212     
   2.04000000000000       0.940867154696516     
   2.06000000000000       0.945058971056617     
   2.08000000000000       0.949015022049064     
   2.10000000000000       0.952741988704319     
   2.12000000000000       0.956247079156483     
   2.14000000000000       0.959537939412755     
   2.16000000000000       0.962622567003519     
   2.18000000000000       0.965509228184740     
   2.20000000000000       0.968206379764295     
   2.22000000000000       0.970722596128992     
   2.24000000000000       0.973066501963580     
   2.26000000000000       0.975246711019394     
   2.28000000000000       0.977271771019348     
   2.30000000000000       0.979150114856991     
   2.32000000000000       0.980890017851324     
   2.34000000000000       0.982499561082283     
   2.36000000000000       0.983986600354433     
   2.38000000000000       0.985358740645776     
   2.40000000000000       0.986623315503936     
   2.42000000000000       0.987787371253022     
   2.44000000000000       0.988857655281644     
   2.46000000000000       0.989840608323349     
   2.48000000000000       0.990742360073245     
   2.50000000000000       0.991568727866725     
   2.52000000000000       0.992325218027591     
   2.54000000000000       0.993017029439394     
   2.56000000000000       0.993649059118664     
   2.58000000000000       0.994225909351722     
   2.60000000000000       0.994751896193183     
   2.62000000000000       0.995231059005279     
   2.64000000000000       0.995667170898335     
   2.66000000000000       0.996063749648232     
   2.68000000000000       0.996424069189467     
   2.70000000000000       0.996751171266817     
   2.72000000000000       0.997047877291717     
   2.74000000000000       0.997316800092980     
   2.76000000000000       0.997560355713081     
   2.78000000000000       0.997780774875979     
   2.80000000000000       0.997980114260510     
   2.82000000000000       0.998160267464157     
   2.84000000000000       0.998322975586684     
   2.86000000000000       0.998469837398400     
   2.88000000000000       0.998602319100228     
   2.90000000000000       0.998721763666011     
   2.92000000000000       0.998829399673648     
   2.94000000000000       0.998926349735661     
   2.96000000000000       0.999013638446772     
   2.98000000000000       0.999092199860847     
   3.00000000000000       0.999162884529823     
   3.02000000000000       0.999226466173116     
   3.04000000000000       0.999283647775089     
   3.06000000000000       0.999335067456287     
   3.08000000000000       0.999381303803182     
   3.10000000000000       0.999422880880239     
   3.12000000000000       0.999460272933667     
   3.14000000000000       0.999493908647219     
   3.16000000000000       0.999524175175229     
   3.18000000000000       0.999551421796848     
   3.20000000000000       0.999575963341860     
   3.22000000000000       0.999598083314236     
   3.24000000000000       0.999618036780241     
   3.26000000000000       0.999636052987690     
   3.28000000000000       0.999652337815157     
   3.30000000000000       0.999667075983415     
   3.32000000000000       0.999680433085075     
   3.34000000000000       0.999692557446254     
   3.36000000000000       0.999703581791914     
   3.38000000000000       0.999713624801905     
   3.40000000000000       0.999722792536286     
   3.42000000000000       0.999731179657877     
   3.44000000000000       0.999738870620039     
   3.46000000000000       0.999745940704857     
   3.48000000000000       0.999752456978821     
   3.50000000000000       0.999758479116313     
   3.52000000000000       0.999764060223141     
   3.54000000000000       0.999769247501435     
   3.56000000000000       0.999774082887010     
   3.58000000000000       0.999778603623997     
   3.60000000000000       0.999782842740824     
   3.62000000000000       0.999786829557426     
   3.64000000000000       0.999790590062402     
   3.66000000000000       0.999794147289188     
   3.68000000000000       0.999797521645383     
   3.70000000000000       0.999800731207314     
   3.72000000000000       0.999803791983279     
   3.74000000000000       0.999806718140162     
   3.76000000000000       0.999809522246136     
   3.78000000000000       0.999812215399201     
   3.80000000000000       0.999814807459618     
   3.82000000000000       0.999817307139549     
   3.84000000000000       0.999819722159027     
   3.86000000000000       0.999822059387301     
   3.88000000000000       0.999825531943043     
   3.90000000000000       0.999827560154243     
   3.92000000000000       0.999829549945897     
   3.94000000000000       0.999831502996369     
   3.96000000000000       0.999833420448587     
   3.98000000000000       0.999835303318202     
   4.00000000000000       0.999837152520889     
   4.02000000000000       0.999838968952425     
   4.04000000000000       0.999840753458949     
   4.06000000000000       0.999842506839492     
   4.08000000000000       0.999844229872880     
   4.10000000000000       0.999845923319428     
   4.12000000000000       0.999847587889210     
   4.14000000000000       0.999849224284858     
   4.16000000000000       0.999850833186136     
   4.18000000000000       0.999852415234434     
   4.20000000000000       0.999853971075233     
   4.22000000000000       0.999855501300953     
   4.24000000000000       0.999857006518186     
   4.26000000000000       0.999858487290415     
   4.28000000000000       0.999859944180261     
   4.30000000000000       0.999861377716990     
   4.32000000000000       0.999862788430388     
   4.34000000000000       0.999864176826482     
   4.35999999999999       0.999865543396455     
   4.37999999999999       0.999866888617201     
   4.39999999999999       0.999868212943570     
   4.41999999999999       0.999869516842069     
   4.43999999999999       0.999870800749867     
   4.45999999999999       0.999872065075249     
   4.47999999999999       0.999873310239550     
   4.49999999999999       0.999874536652695     
   4.51999999999999       0.999875744696988     
   4.53999999999999       0.999876934760700     
   4.55999999999999       0.999878107205241     
   4.57999999999999       0.999879262390402     
   4.59999999999999       0.999880400674704     
   4.61999999999999       0.999881522390806     
   4.63999999999999       0.999882627879027     
   4.65999999999999       0.999883717454435     
   4.67999999999999       0.999884791440326     
   4.69999999999999       0.999885850135310     
   4.71999999999999       0.999886893846756     
   4.73999999999999       0.999887922857858     
   4.75999999999999       0.999888937461061     
   4.77999999999999       0.999889937933402     
   4.79999999999999       0.999890924545030     
   4.81999999999999       0.999891897542826     
   4.83999999999998       0.999892857208694     
   4.85999999999998       0.999893803776772     
   4.87999999999998       0.999894737500017     
   4.89999999999998       0.999895658617193     
   4.91999999999998       0.999896567353041     
   4.93999999999998       0.999897463943358     
   4.95999999999998       0.999898348610249     
   4.97999999999998       0.999899221562298     
   4.99999999999998       0.999900083019613     
   5.01999999999998       0.999900933189076     
   5.03999999999998       0.999901772272784     
   5.05999999999998       0.999902600459886     
   5.07999999999998       0.999903417951614     
   5.09999999999998       0.999904224936518     
   5.11999999999998       0.999905021598876     
   5.13999999999998       0.999905808110526     
   5.15999999999998       0.999906584655876     
   5.17999999999998       0.999907351407112     
   5.19999999999998       0.999908108532612     
   5.21999999999998       0.999908856188749     
   5.23999999999998       0.999909594553180     
   5.25999999999998       0.999910323766864     
   5.27999999999998       0.999911043992242     
   5.29999999999997       0.999911755380128     
   5.31999999999997       0.999912458078106     
   5.33999999999997       0.999913152222301     
   5.35999999999997       0.999913837970683     
   5.37999999999997       0.999914515436724     
   5.39999999999997       0.999915184780791     
   5.41999999999997       0.999915846127216     
   5.43999999999997       0.999916499605871     
   5.45999999999997       0.999917145335632     
   5.47999999999997       0.999917783457658     
   5.49999999999997       0.999918414077351     
   5.51999999999997       0.999919037322516     
   5.53999999999997       0.999919653310236     
   5.55999999999997       0.999920262146918     
   5.57999999999997       0.999920863961563     
   5.59999999999997       0.999921458856019     
   5.61999999999997       0.999922046929934     
   5.63999999999997       0.999922628297412     
   5.65999999999997       0.999923203062170     
   5.67999999999997       0.999923771325878     
   5.69999999999997       0.999924333188212     
   5.71999999999997       0.999924888738611     
   5.73999999999997       0.999925438089510     
   5.75999999999997       0.999925981318296     
   5.77999999999996       0.999926518525443     
   5.79999999999996       0.999927049809656     
   5.81999999999996       0.999927575243023     
   5.83999999999996       0.999928094920840     
   5.85999999999996       0.999928608928460     
   5.87999999999996       0.999929117349624     
   5.89999999999996       0.999929620258210     
   5.91999999999996       0.999930117751457     
   5.93999999999996       0.999930609891900     
   5.95999999999996       0.999931096765516     
   5.97999999999996       0.999931578456840     
   5.99999999999996       0.999932055024116     
   6.01999999999996       0.999932526549114     
   6.03999999999996       0.999932993103966     
   6.05999999999996       0.999933454759494     
   6.07999999999996       0.999933911585242     
   6.09999999999996       0.999934363641199     
   6.11999999999996       0.999934811011036     
   6.13999999999996       0.999935253744020     
   6.15999999999996       0.999935691921451     
   6.17999999999996       0.999936125590278     
   6.19999999999996       0.999936554821236     
   6.21999999999996       0.999936979675656     
   6.23999999999995       0.999937400222097     
   6.25999999999995       0.999937816503168     
   6.27999999999995       0.999938228585350     
   6.29999999999995       0.999938636517516     
   6.31999999999995       0.999939040372452     
   6.33999999999995       0.999939440197081     
   6.35999999999995       0.999939836037384     
   6.37999999999995       0.999940227963309     
   6.39999999999995       0.999940616010704     
   6.41999999999995       0.999941000247727     
   6.43999999999995       0.999941380708470     
   6.45999999999995       0.999941757451071     
   6.47999999999995       0.999942130524535     
   6.49999999999995       0.999942499985348     
   6.51999999999995       0.999942865864300     
   6.53999999999995       0.999943228207995     
   6.55999999999995       0.999943587087165     
   6.57999999999995       0.999943942521993     
   6.59999999999995       0.999944294556824     
   6.61999999999995       0.999944643251877     
   6.63999999999995       0.999944988641764     
   6.65999999999995       0.999945330760401     
   6.67999999999995       0.999945669665923     
   6.69999999999995       0.999946005382596     
   6.71999999999994       0.999946337958934     
   6.73999999999994       0.999946667442805     
   6.75999999999994       0.999946993856550     
   6.77999999999994       0.999947317246789     
   6.79999999999994       0.999947637651240     
   6.81999999999994       0.999947955115326     
   6.83999999999994       0.999948269650685     
   6.85999999999994       0.999948581326485     
   6.87999999999994       0.999948890144933     
   6.89999999999994       0.999949196165785     
   6.91999999999994       0.999949499415059     
   6.93999999999994       0.999949799926542     
   6.95999999999994       0.999950097733503     
   6.97999999999994       0.999950392860394     
   6.99999999999994       0.999950685356075     
   7.01999999999994       0.999950975235710     
   7.03999999999994       0.999951262547182     
   7.05999999999994       0.999951547304702     
   7.07999999999994       0.999951829555213     
   7.09999999999994       0.999952109312001     
   7.11999999999994       0.999952386612810     
   7.13999999999994       0.999952661486640     
   7.15999999999994       0.999952933970359     
   7.17999999999993       0.999953204075508     
   7.19999999999993       0.999953471838121     
   7.21999999999993       0.999953737285516     
   7.23999999999993       0.999954000444609     
   7.25999999999993       0.999954261341921     
   7.27999999999993       0.999954520003592     
   7.29999999999993       0.999954776455374     
   7.31999999999993       0.999955030714348     
   7.33999999999993       0.999955282822127     
   7.35999999999993       0.999955532795065     
   7.37999999999993       0.999955780657459     
   7.39999999999993       0.999956026433260     
   7.41999999999993       0.999956270137770     
   7.43999999999993       0.999956511810866     
   7.45999999999993       0.999956751458882     
   7.47999999999993       0.999956989112737     
   7.49999999999993       0.999957224803024     
   7.51999999999993       0.999957458535123     
   7.53999999999993       0.999957690347312     
   7.55999999999993       0.999957920244353     
   7.57999999999993       0.999958148255622     
   7.59999999999993       0.999958374401896     
   7.61999999999993       0.999958598711964     
   7.63999999999993       0.999958821189431     
   7.65999999999992       0.999959041862526     
   7.67999999999992       0.999959260750901     
   7.69999999999992       0.999959477873940     
   7.71999999999992       0.999959693250763     
   7.73999999999992       0.999959906900227     
   7.75999999999992       0.999960118840933     
   7.77999999999992       0.999960329091233     
   7.79999999999992       0.999960537669226     
   7.81999999999992       0.999960744592771     
   7.83999999999992       0.999960949871184     
   7.85999999999992       0.999961153538450     
   7.87999999999992       0.999961355603415     
   7.89999999999992       0.999961556074698     
   7.91999999999992       0.999961754985599     
   7.93999999999992       0.999961952344293     
   7.95999999999992       0.999962148158735     
   7.97999999999992       0.999962342461567     
   7.99999999999992       0.999962535252020     
   8.01999999999992       0.999962726562323     
   8.03999999999992       0.999962916391291     
   8.05999999999992       0.999963104762448     
   8.07999999999992       0.999963291699114     
   8.09999999999992       0.999963477199513     
   8.11999999999992       0.999963661286585     
   8.13999999999992       0.999963843983074     
   8.15999999999991       0.999964025286640     
   8.17999999999991       0.999964205219664     
   8.19999999999991       0.999964383796040     
   8.21999999999991       0.999964561029493     
   8.23999999999991       0.999964736933567     
   8.25999999999991       0.999964911529938     
   8.27999999999991       0.999965084815209     
   8.29999999999991       0.999965256802422     
   8.31999999999991       0.999965427529349     
   8.33999999999991       0.999965596975504     
   8.35999999999991       0.999965765178342     
   8.37999999999991       0.999965932141960     
   8.39999999999991       0.999966097878599     
   8.41999999999991       0.999966262400353     
   8.43999999999991       0.999966425719163     
   8.45999999999991       0.999966587846819     
   8.47999999999991       0.999966748786672     
   8.49999999999991       0.999966908566828     
   8.51999999999991       0.999967067190351     
   8.53999999999991       0.999967224668465     
   8.55999999999991       0.999967381003957     
   8.57999999999991       0.999967536216084     
   8.59999999999991       0.999967690323963     
   8.61999999999991       0.999967843329988     
   8.63999999999990       0.999967995236413     
   8.65999999999990       0.999968146070278     
   8.67999999999990       0.999968295825286     
   8.69999999999990       0.999968444528226     
   8.71999999999990       0.999968592172558     
   8.73999999999990       0.999968738784825     
   8.75999999999990       0.999968884358251     
   8.77999999999990       0.999969028910846     
   8.79999999999990       0.999969172460503     
   8.81999999999990       0.999969315000100     
   8.83999999999990       0.999969456547307     
   8.85999999999990       0.999969597111380     
   8.87999999999990       0.999969736701473     
   8.89999999999990       0.999969875326627     
   8.91999999999990       0.999970013004078     
   8.93999999999990       0.999970149726060     
   8.95999999999990       0.999970285509605     
   8.97999999999990       0.999970420363342     
   8.99999999999990       0.999970554295801     
   9.01999999999990       0.999970687315415     
   9.03999999999990       0.999970819430519     
   9.05999999999990       0.999970950649352     
   9.07999999999990       0.999971080980059     
   9.09999999999989       0.999971210430693     
   9.11999999999989       0.999971339009215     
   9.13999999999989       0.999971466723494     
   9.15999999999989       0.999971593581312     
   9.17999999999989       0.999971719582061     
   9.19999999999989       0.999971844758250     
   9.21999999999989       0.999971969084196     
   9.23999999999989       0.999972092592238     
   9.25999999999989       0.999972215281431     
   9.27999999999989       0.999972337150741     
   9.29999999999989       0.999972458223962     
   9.31999999999989       0.999972578499903     
   9.33999999999989       0.999972697977294     
   9.35999999999989       0.999972816679690     
   9.37999999999989       0.999972934605667     
   9.39999999999989       0.999973051753723     
   9.41999999999989       0.999973168147188     
   9.43999999999989       0.999973283784413     
   9.45999999999989       0.999973398663676     
   9.47999999999989       0.999973512808087     
   9.49999999999989       0.999973626207480     
   9.51999999999989       0.999973738884825     
   9.53999999999989       0.999973850829816     
   9.55999999999989       0.999973962065287     
   9.57999999999988       0.999974072580794     
   9.59999999999988       0.999974182390739     
   9.61999999999988       0.999974291501150     
   9.63999999999988       0.999974399926294     
   9.65999999999988       0.999974507655469     
   9.67999999999988       0.999974614702818     
   9.69999999999988       0.999974721082417     
   9.71999999999988       0.999974826783379     
   9.73999999999988       0.999974931819661     
   9.75999999999988       0.999975036205159     
   9.77999999999988       0.999975139928805     
   9.79999999999988       0.999975243004378     
   9.81999999999988       0.999975345437300     
   9.83999999999988       0.999975447232932     
   9.85999999999988       0.999975548396581     
   9.87999999999988       0.999975648941799     
   9.89999999999988       0.999975748857181     
   9.91999999999988       0.999975848156171     
   9.93999999999988       0.999975946843858     
   9.95999999999988       0.999976044925281     
   9.97999999999988       0.999976142405420     
   9.99999999999988       0.999976239289211     
   10.0199999999999       0.999976335581535     
   10.0399999999999       0.999976431287228     
   10.0599999999999       0.999976526411067     
   10.0799999999999       0.999976620957789     
   10.0999999999999       0.999976714932079     
   10.1199999999999       0.999976808338575     
   10.1399999999999       0.999976901173568     
   10.1599999999999       0.999976993458202     
   10.1799999999999       0.999977085188674     
   10.1999999999999       0.999977176369439     
   10.2199999999999       0.999977267004903     
   10.2399999999999       0.999977357099430     
   10.2599999999999       0.999977446649040     
   10.2799999999999       0.999977535674609     
   10.2999999999999       0.999977624172071     
   10.3199999999999       0.999977712137320     
   10.3399999999999       0.999977799591102     
   10.3599999999999       0.999977886529227     
   10.3799999999999       0.999977972955767     
   10.3999999999999       0.999978058866442     
   10.4199999999999       0.999978144281845     
   10.4399999999999       0.999978229197626     
   10.4599999999999       0.999978313609389     
   10.4799999999999       0.999978397537613     
   10.4999999999999       0.999978480969524     
   10.5199999999999       0.999978563925523     
   10.5399999999999       0.999978646392769     
   10.5599999999999       0.999978728391582     
   10.5799999999999       0.999978809909051     
   10.5999999999999       0.999978890965425     
   10.6199999999999       0.999978971547720     
   10.6399999999999       0.999979051676116     
   10.6599999999999       0.999979131337560     
   10.6799999999999       0.999979210552162     
   10.6999999999999       0.999979289315103     
   10.7199999999999       0.999979367621524     
   10.7399999999999       0.999979445483138     
   10.7599999999999       0.999979522903327     
   10.7799999999999       0.999979599893737     
   10.7999999999999       0.999979676441079     
   10.8199999999999       0.999979752556943     
   10.8399999999999       0.999979828252880     
   10.8599999999999       0.999979903515511     
   10.8799999999999       0.999979978364628     
   10.8999999999999       0.999980052786793     
   10.9199999999999       0.999980126793435     
   10.9399999999999       0.999980200387662     
   10.9599999999999       0.999980273572545     
   10.9799999999999       0.999980346359429     
   10.9999999999999       0.999980418734730     
   11.0199999999999       0.999980490709734     
   11.0399999999999       0.999980562287407     
   11.0599999999999       0.999980633470679     
   11.0799999999999       0.999980704270758     
   11.0999999999999       0.999980774665619     
   11.1199999999999       0.999980844691319     
   11.1399999999999       0.999980914325784     
   11.1599999999999       0.999980983580113     
   11.1799999999999       0.999981052457079     
   11.1999999999999       0.999981120959437     
   11.2199999999998       0.999981189089908     
   11.2399999999998       0.999981256851190     
   11.2599999999998       0.999981324245962     
   11.2799999999998       0.999981391276873     
   11.2999999999998       0.999981457946548     
   11.3199999999998       0.999981524257591     
   11.3399999999998       0.999981590212583     
   11.3599999999998       0.999981655814079     
   11.3799999999998       0.999981721064610     
   11.3999999999998       0.999981785966692     
   11.4199999999998       0.999981850522808     
   11.4399999999998       0.999981914727125     
   11.4599999999998       0.999981978598687     
   11.4799999999998       0.999982042131617     
   11.4999999999998       0.999982105328313     
   11.5199999999998       0.999982168191158     
   11.5399999999998       0.999982230722507     
   11.5599999999998       0.999982292924695     
   11.5799999999998       0.999982354800044     
   11.5999999999998       0.999982416342544     
   11.6199999999998       0.999982477571077     
   11.6399999999998       0.999982538479595     
   11.6599999999998       0.999982599062033     
   11.6799999999998       0.999982659337211     
   11.6999999999998       0.999982719299024     
   11.7199999999998       0.999982778949653     
   11.7399999999998       0.999982838282951     
   11.7599999999998       0.999982897317665     
   11.7799999999998       0.999982956047613     
   11.7999999999998       0.999983014466596     
   11.8199999999998       0.999983072593304     
   11.8399999999998       0.999983130421503     
   11.8599999999998       0.999983187944940     
   11.8799999999998       0.999983245182249     
   11.8999999999998       0.999983302127145     
   11.9199999999998       0.999983358773320     
   11.9399999999998       0.999983415139361     
   11.9599999999998       0.999983471210624     
   11.9799999999998       0.999983527005663     
