   0.00000000000000       9.955930098223272E-002
  2.000000000000000E-002  9.957899515119904E-002
  4.000000000000000E-002  9.963810054902872E-002
  6.000000000000000E-002  9.973668589149844E-002
  8.000000000000000E-002  9.987486584268736E-002
  0.100000000000000       0.100052801223229     
  0.120000000000000       0.100270699302193     
  0.140000000000000       0.100528814172221     
  0.160000000000000       0.100827447211120     
  0.180000000000000       0.101166947628207     
  0.200000000000000       0.101547713098164     
  0.220000000000000       0.101970190482926     
  0.240000000000000       0.102434876643126     
  0.260000000000000       0.102942319340596     
  0.280000000000000       0.103493118233507     
  0.300000000000000       0.104087925966612     
  0.320000000000000       0.104727449356823     
  0.340000000000000       0.105412450678987     
  0.360000000000000       0.106143749051342     
  0.380000000000000       0.106922221924919     
  0.400000000000000       0.107748806677984     
  0.420000000000000       0.108624502319944     
  0.440000000000000       0.109550371305725     
  0.460000000000000       0.110527541463196     
  0.480000000000000       0.111557208039079     
  0.500000000000000       0.112640635862280     
  0.520000000000000       0.113779161631840     
  0.540000000000000       0.114974196327986     
  0.560000000000000       0.116227227753429     
  0.580000000000000       0.117539823204001     
  0.600000000000000       0.118913632273325     
  0.620000000000000       0.120350389794064     
  0.640000000000000       0.121851918915604     
  0.660000000000000       0.123420134323298     
  0.680000000000000       0.125057045598006     
  0.700000000000000       0.126764760718860     
  0.720000000000000       0.128545489707462     
  0.740000000000000       0.130401548415174     
  0.760000000000000       0.132335362449728     
  0.780000000000000       0.134349471243604     
  0.800000000000000       0.136446532252794     
  0.820000000000000       0.138629325288357     
  0.840000000000000       0.140900756970930     
  0.860000000000000       0.143263865296697     
  0.880000000000000       0.145721824310200     
  0.900000000000000       0.148277948863494     
  0.920000000000000       0.150935699449161     
  0.940000000000001       0.153698687085158     
  0.960000000000001       0.156570678227399     
  0.980000000000001       0.159555599680542     
   1.00000000000000       0.162657543475069     
   1.02000000000000       0.165880771663856     
   1.04000000000000       0.169229721001084     
   1.06000000000000       0.172709007438801     
   1.08000000000000       0.176323430380405     
   1.10000000000000       0.180077976625672     
   1.12000000000000       0.183977823904953     
   1.14000000000000       0.188028343922726     
   1.16000000000000       0.192235104792276     
   1.18000000000000       0.196603872728036     
   1.20000000000000       0.201140612867392     
   1.22000000000000       0.205851489042269     
   1.24000000000000       0.210742862326903     
   1.26000000000000       0.215821288150538     
   1.28000000000000       0.221093511742147     
   1.30000000000000       0.226566461653667     
   1.32000000000000       0.232247241055572     
   1.34000000000000       0.238143116512448     
   1.36000000000000       0.244261503848150     
   1.38000000000000       0.250609950758198     
   1.40000000000000       0.257196115691659     
   1.42000000000000       0.264027742589276     
   1.44000000000000       0.271112630965239     
   1.46000000000000       0.278458600784202     
   1.48000000000000       0.286073451618913     
   1.50000000000000       0.293964915457408     
   1.52000000000000       0.302140602587254     
   1.54000000000000       0.310607939932243     
   1.56000000000000       0.319374101256582     
   1.58000000000000       0.328445928607916     
   1.60000000000000       0.337829844537522     
   1.62000000000000       0.347531754558201     
   1.64000000000000       0.357556939529959     
   1.66000000000000       0.367909937735376     
   1.68000000000000       0.378594416651734     
   1.70000000000000       0.389613034556775     
   1.72000000000000       0.400967292605511     
   1.74000000000000       0.412657378126365     
   1.76000000000000       0.424682000517335     
   1.78000000000000       0.437038221494972     
   1.80000000000000       0.449721282087458     
   1.82000000000000       0.462724429250484     
   1.84000000000000       0.476038745790200     
   1.86000000000000       0.489652987840121     
   1.88000000000000       0.503553434851518     
   1.90000000000000       0.517723757661506     
   1.92000000000000       0.532144910824207     
   1.94000000000000       0.546795055577145     
   1.96000000000000       0.561649520387408     
   1.98000000000000       0.576680805447794     
   2.00000000000000       0.591858637729008     
   2.02000000000000       0.607150082025086     
   2.04000000000000       0.622519712323070     
   2.06000000000000       0.637929846528985     
   2.08000000000000       0.653340845544855     
   2.10000000000000       0.668711474902326     
   2.12000000000000       0.683999325861385     
   2.14000000000000       0.699161287992892     
   2.16000000000000       0.714154065501912     
   2.18000000000000       0.728934723860949     
   2.20000000000000       0.743461253668482     
   2.22000000000000       0.757693135716126     
   2.24000000000000       0.771591890730449     
   2.26000000000000       0.785121597387755     
   2.28000000000000       0.798249362268985     
   2.30000000000000       0.810945728278663     
   2.32000000000000       0.823185008694607     
   2.34000000000000       0.834945539343460     
   2.36000000000000       0.846209842167672     
   2.38000000000000       0.856964699568236     
   2.40000000000000       0.867201139936311     
   2.42000000000000       0.876914341346059     
   2.44000000000000       0.886103458688781     
   2.46000000000000       0.894771386906731     
   2.48000000000000       0.902924469924018     
   2.50000000000000       0.910572168753883     
   2.52000000000000       0.917726701384908     
   2.54000000000000       0.924402665898064     
   2.56000000000000       0.930616659242976     
   2.58000000000000       0.936386900564244     
   2.60000000000000       0.941732868437462     
   2.62000000000000       0.946674958344272     
   2.64000000000000       0.951234166619279     
   2.66000000000000       0.955431802317999     
   2.68000000000000       0.959289232147254     
   2.70000000000000       0.962827656746693     
   2.72000000000000       0.966067920139172     
   2.74000000000000       0.969030349297712     
   2.76000000000000       0.971734624906682     
   2.78000000000000       0.974199678014838     
   2.80000000000000       0.976443612344070     
   2.82000000000000       0.978483648998448     
   2.84000000000000       0.980336090601903     
   2.86000000000000       0.982016302207281     
   2.88000000000000       0.983538706815177     
   2.90000000000000       0.984916793229633     
   2.92000000000000       0.986163133118523     
   2.94000000000000       0.987289406636435     
   2.96000000000000       0.988306433911604     
   2.98000000000000       0.989224210949069     
   3.00000000000000       0.990051948911534     
   3.02000000000000       0.990798116328696     
   3.04000000000000       0.991470480760234     
   3.06000000000000       0.992076153003711     
   3.08000000000000       0.992621629320338     
   3.10000000000000       0.993112833589412     
   3.12000000000000       0.993555158898791     
   3.14000000000000       0.993953506401690     
   3.16000000000000       0.994312323660529     
   3.18000000000000       0.994635640263692     
   3.20000000000000       0.994927102184784     
   3.22000000000000       0.995190003750862     
   3.24000000000000       0.995427317795422     
   3.26000000000000       0.995641723420006     
   3.28000000000000       0.995835632390488     
   3.30000000000000       0.996011213240864     
   3.32000000000000       0.996170413649007     
   3.34000000000000       0.996314981166749     
   3.36000000000000       0.996446481898280     
   3.38000000000000       0.996566318109014     
   3.40000000000000       0.996675744464975     
   3.42000000000000       0.996775882005768     
   3.44000000000000       0.996867731825752     
   3.46000000000000       0.996952187069485     
   3.48000000000000       0.997030044022289     
   3.50000000000000       0.997102011686612     
   3.52000000000000       0.997168721411385     
   3.54000000000000       0.997230734667925     
   3.56000000000000       0.997288550530622     
   3.58000000000000       0.997342612435251     
   3.60000000000000       0.997393313779671     
   3.62000000000000       0.997441003916033     
   3.64000000000000       0.997485992601908     
   3.66000000000000       0.997528554451404     
   3.68000000000000       0.997568932835122     
   3.70000000000000       0.997607343371998     
   3.72000000000000       0.997643977052549     
   3.74000000000000       0.997679002928801     
   3.76000000000000       0.997712571001040     
   3.78000000000000       0.997744813741262     
   3.80000000000000       0.997775848863228     
   3.82000000000000       0.997805780385246     
   3.84000000000000       0.997834700488901     
   3.86000000000000       0.997862691204363     
   3.88000000000000       0.997904282576463     
   3.90000000000000       0.997928576975817     
   3.92000000000000       0.997952412738862     
   3.94000000000000       0.997975809883256     
   3.96000000000000       0.997998782018340     
   3.98000000000000       0.998021341233412     
   4.00000000000000       0.998043498424218     
   4.02000000000000       0.998065264252059     
   4.04000000000000       0.998086648787175     
   4.06000000000000       0.998107661538832     
   4.08000000000000       0.998128311777467     
   4.10000000000000       0.998148608554809     
   4.12000000000000       0.998168560323457     
   4.14000000000000       0.998188175449618     
   4.16000000000000       0.998207462028115     
   4.18000000000000       0.998226427696310     
   4.20000000000000       0.998245080143061     
   4.22000000000000       0.998263426423441     
   4.24000000000000       0.998281473764640     
   4.26000000000000       0.998299228879100     
   4.28000000000000       0.998316698470928     
   4.30000000000000       0.998333888846231     
   4.32000000000000       0.998350806319154     
   4.34000000000000       0.998367456920714     
   4.35999999999999       0.998383846505555     
   4.37999999999999       0.998399980758571     
   4.39999999999999       0.998415865101785     
   4.41999999999999       0.998431505098526     
   4.43999999999999       0.998446905961608     
   4.45999999999999       0.998462072558726     
   4.47999999999999       0.998477009915401     
   4.49999999999999       0.998491722921494     
   4.51999999999999       0.998506216136721     
   4.53999999999999       0.998520494193476     
   4.55999999999999       0.998534561402997     
   4.57999999999999       0.998548422058116     
   4.59999999999999       0.998562080437426     
   4.61999999999999       0.998575540510179     
   4.63999999999999       0.998588806338448     
   4.65999999999999       0.998601881682155     
   4.67999999999999       0.998614770400838     
   4.69999999999999       0.998627476058593     
   4.71999999999999       0.998640002325390     
   4.73999999999999       0.998652352581843     
   4.75999999999999       0.998664530320279     
   4.77999999999999       0.998676538848842     
   4.79999999999999       0.998688381393633     
   4.81999999999999       0.998700060902088     
   4.83999999999998       0.998711580742673     
   4.85999999999998       0.998722943711100     
   4.87999999999998       0.998734152829510     
   4.89999999999998       0.998745210950253     
   4.91999999999998       0.998756120757850     
   4.93999999999998       0.998766885070030     
   4.95999999999998       0.998777506540693     
   4.97999999999998       0.998787987661829     
   4.99999999999998       0.998798331064261     
   5.01999999999998       0.998808539220466     
   5.03999999999998       0.998818614545864     
   5.05999999999998       0.998828559300825     
   5.07999999999998       0.998838375891221     
   5.09999999999998       0.998848066570971     
   5.11999999999998       0.998857633543120     
   5.13999999999998       0.998867078861634     
   5.15999999999998       0.998876404731791     
   5.17999999999998       0.998885613212424     
   5.19999999999998       0.998894706316938     
   5.21999999999998       0.998903685914886     
   5.23999999999998       0.998912554131739     
   5.25999999999998       0.998921312652494     
   5.27999999999998       0.998929963420418     
   5.29999999999997       0.998938508239428     
   5.31999999999997       0.998946948874883     
   5.33999999999997       0.998955286954762     
   5.35999999999997       0.998963524369660     
   5.37999999999997       0.998971662475941     
   5.39999999999997       0.998979703193457     
   5.41999999999997       0.998987648009447     
   5.43999999999997       0.998995498477906     
   5.45999999999997       0.999003256020924     
   5.47999999999997       0.999010922328492     
   5.49999999999997       0.999018498661213     
   5.51999999999997       0.999025986549037     
   5.53999999999997       0.999033387393270     
   5.55999999999997       0.999040702467116     
   5.57999999999997       0.999047933315440     
   5.59999999999997       0.999055081156992     
   5.61999999999997       0.999062147184285     
   5.63999999999997       0.999069132763637     
   5.65999999999997       0.999076039136743     
   5.67999999999997       0.999082867520825     
   5.69999999999997       0.999089619109306     
   5.71999999999997       0.999096294972716     
   5.73999999999997       0.999102896458056     
   5.75999999999997       0.999109424491290     
   5.77999999999996       0.999115880275932     
   5.79999999999996       0.999122264994370     
   5.81999999999996       0.999128579509256     
   5.83999999999996       0.999134824962225     
   5.85999999999996       0.999141002375552     
   5.87999999999996       0.999147112752246     
   5.89999999999996       0.999153156976860     
   5.91999999999996       0.999159136214826     
   5.93999999999996       0.999165051214595     
   5.95999999999996       0.999170903006425     
   5.97999999999996       0.999176692603377     
   5.99999999999996       0.999182420702554     
   6.01999999999996       0.999188088283945     
   6.03999999999996       0.999193696211772     
   6.05999999999996       0.999199245334591     
   6.07999999999996       0.999204736485682     
   6.09999999999996       0.999210170383546     
   6.11999999999996       0.999215548031417     
   6.13999999999996       0.999220870019056     
   6.15999999999996       0.999226137321355     
   6.17999999999996       0.999231350500351     
   6.19999999999996       0.999236510404054     
   6.21999999999996       0.999241617767526     
   6.23999999999995       0.999246673412768     
   6.25999999999995       0.999251677849884     
   6.27999999999995       0.999256631876011     
   6.29999999999995       0.999261536076665     
   6.31999999999995       0.999266391324923     
   6.33999999999995       0.999271198182976     
   6.35999999999995       0.999275957201719     
   6.37999999999995       0.999280669220278     
   6.39999999999995       0.999285334667838     
   6.41999999999995       0.999289954362106     
   6.43999999999995       0.999294528711236     
   6.45999999999995       0.999299058412568     
   6.47999999999995       0.999303544053651     
   6.49999999999995       0.999307986312055     
   6.51999999999995       0.999312385556405     
   6.53999999999995       0.999316742345533     
   6.55999999999995       0.999321057528414     
   6.57999999999995       0.999325331346272     
   6.59999999999995       0.999329564330876     
   6.61999999999995       0.999333757204924     
   6.63999999999995       0.999337910383247     
   6.65999999999995       0.999342024272336     
   6.67999999999995       0.999346099569928     
   6.69999999999995       0.999350136566546     
   6.71999999999994       0.999354135844325     
   6.73999999999994       0.999358097977644     
   6.75999999999994       0.999362023233976     
   6.77999999999994       0.999365912172771     
   6.79999999999994       0.999369765246469     
   6.81999999999994       0.999373583000171     
   6.83999999999994       0.999377365572747     
   6.85999999999994       0.999381113794932     
   6.87999999999994       0.999384827692213     
   6.89999999999994       0.999388507982206     
   6.91999999999994       0.999392154976789     
   6.93999999999994       0.999395769081312     
   6.95999999999994       0.999399350694927     
   6.97999999999994       0.999402900110769     
   6.99999999999994       0.999406417915533     
   7.01999999999994       0.999409904290697     
   7.03999999999994       0.999413359811246     
   7.05999999999994       0.999416784647239     
   7.07999999999994       0.999420179362424     
   7.09999999999994       0.999423544115749     
   7.11999999999994       0.999426879360380     
   7.13999999999994       0.999430185444296     
   7.15999999999994       0.999433462810162     
   7.17999999999993       0.999436711596021     
   7.19999999999993       0.999439932234537     
   7.21999999999993       0.999443125053546     
   7.23999999999993       0.999446290376076     
   7.25999999999993       0.999449428520424     
   7.27999999999993       0.999452539800316     
   7.29999999999993       0.999455624524829     
   7.31999999999993       0.999458682898757     
   7.33999999999993       0.999461715421988     
   7.35999999999993       0.999464722290594     
   7.37999999999993       0.999467703796232     
   7.39999999999993       0.999470660226370     
   7.41999999999993       0.999473591764494     
   7.43999999999993       0.999476498889684     
   7.45999999999993       0.999479381677551     
   7.47999999999993       0.999482240499471     
   7.49999999999993       0.999485075722891     
   7.51999999999993       0.999487887412005     
   7.53999999999993       0.999490676026708     
   7.55999999999993       0.999493441623801     
   7.57999999999993       0.999496184556117     
   7.59999999999993       0.999498905073119     
   7.61999999999993       0.999501603520645     
   7.63999999999993       0.999504279941555     
   7.65999999999992       0.999506934674976     
   7.67999999999992       0.999509567956870     
   7.69999999999992       0.999512180019969     
   7.71999999999992       0.999514771093828     
   7.73999999999992       0.999517341404876     
   7.75999999999992       0.999519891176467     
   7.77999999999992       0.999522420628932     
   7.79999999999992       0.999524929979630     
   7.81999999999992       0.999527419442991     
   7.83999999999992       0.999529889130699     
   7.85999999999992       0.999532339451214     
   7.87999999999992       0.999534770510593     
   7.89999999999992       0.999537182412156     
   7.91999999999992       0.999539575556149     
   7.93999999999992       0.999541950040565     
   7.95999999999992       0.999544305960753     
   7.97999999999992       0.999546643709103     
   7.99999999999992       0.999548963275997     
   8.01999999999992       0.999551265048868     
   8.03999999999992       0.999553549013133     
   8.05999999999992       0.999555815451480     
   8.07999999999992       0.999558064644166     
   8.09999999999992       0.999560296569529     
   8.11999999999992       0.999562511503244     
   8.13999999999992       0.999564709718681     
   8.15999999999991       0.999566891187366     
   8.17999999999991       0.999569056178307     
   8.19999999999991       0.999571204858390     
   8.21999999999991       0.999573337392469     
   8.23999999999991       0.999575453943234     
   8.25999999999991       0.999577554771226     
   8.27999999999991       0.999579639835294     
   8.29999999999991       0.999581709292095     
   8.31999999999991       0.999583763595890     
   8.33999999999991       0.999585802499899     
   8.35999999999991       0.999587826454558     
   8.37999999999991       0.999589835508923     
   8.39999999999991       0.999591829810057     
   8.41999999999991       0.999593809503224     
   8.43999999999991       0.999595774731891     
   8.45999999999991       0.999597725637704     
   8.47999999999991       0.999599662260742     
   8.49999999999991       0.999601584938985     
   8.51999999999991       0.999603493709106     
   8.53999999999991       0.999605388705924     
   8.55999999999991       0.999607269962790     
   8.57999999999991       0.999609137711200     
   8.59999999999991       0.999610992181011     
   8.61999999999991       0.999612833400832     
   8.63999999999990       0.999614661397572     
   8.65999999999990       0.999616476496447     
   8.67999999999990       0.999618278621469     
   8.69999999999990       0.999620068094837     
   8.71999999999990       0.999621844837650     
   8.73999999999990       0.999623609169162     
   8.75999999999990       0.999625361007646     
   8.77999999999990       0.999627100569649     
   8.79999999999990       0.999628828070324     
   8.81999999999990       0.999630543423805     
   8.83999999999990       0.999632246842561     
   8.85999999999990       0.999633938437819     
   8.87999999999990       0.999635618319571     
   8.89999999999990       0.999637286596461     
   8.91999999999990       0.999638943475767     
   8.93999999999990       0.999640588863879     
   8.95999999999990       0.999642222965603     
   8.97999999999990       0.999643845884645     
   8.99999999999990       0.999645457723495     
   9.01999999999990       0.999647058583519     
   9.03999999999990       0.999648648564873     
   9.05999999999990       0.999650227766585     
   9.07999999999990       0.999651796286512     
   9.09999999999989       0.999653354221457     
   9.11999999999989       0.999654901667096     
   9.13999999999989       0.999656438718001     
   9.15999999999989       0.999657965467697     
   9.17999999999989       0.999659481908724     
   9.19999999999989       0.999660988432221     
   9.21999999999989       0.999662484728966     
   9.23999999999989       0.999663971188048     
   9.25999999999989       0.999665447797959     
   9.27999999999989       0.999666914546157     
   9.29999999999989       0.999668371718870     
   9.31999999999989       0.999669819301680     
   9.33999999999989       0.999671257279160     
   9.35999999999989       0.999672685934712     
   9.37999999999989       0.999674105251090     
   9.39999999999989       0.999675515210101     
   9.41999999999989       0.999676916092426     
   9.43999999999989       0.999678307878140     
   9.45999999999989       0.999679690546386     
   9.47999999999989       0.999681064375227     
   9.49999999999989       0.999682429242198     
   9.51999999999989       0.999683785423668     
   9.53999999999989       0.999685132795497     
   9.55999999999989       0.999686471632419     
   9.57999999999988       0.999687801808650     
   9.59999999999988       0.999689123497426     
   9.61999999999988       0.999690436771210     
   9.63999999999988       0.999691741801626     
   9.65999999999988       0.999693038459794     
   9.67999999999988       0.999694326915849     
   9.69999999999988       0.999695607339115     
   9.71999999999988       0.999696879598481     
   9.73999999999988       0.999698143861861     
   9.75999999999988       0.999699400296404     
   9.77999999999988       0.999700648768838     
   9.79999999999988       0.999701889444927     
   9.81999999999988       0.999703122389844     
   9.83999999999988       0.999704347668044     
   9.85999999999988       0.999705565343337     
   9.87999999999988       0.999706775578768     
   9.89999999999988       0.999707978236977     
   9.91999999999988       0.999709173479718     
   9.93999999999988       0.999710361368171     
   9.95999999999988       0.999711541962921     
   9.97999999999988       0.999712715323843     
   9.99999999999988       0.999713881510276     
   10.0199999999999       0.999715040580912     
   10.0399999999999       0.999716192593889     
   10.0599999999999       0.999717337606646     
   10.0799999999999       0.999718475676133     
   10.0999999999999       0.999719606858686     
   10.1199999999999       0.999720731210067     
   10.1399999999999       0.999721848685560     
   10.1599999999999       0.999722959539621     
   10.1799999999999       0.999724063726429     
   10.1999999999999       0.999725161299537     
   10.2199999999999       0.999726252311913     
   10.2399999999999       0.999727336816045     
   10.2599999999999       0.999728414763957     
   10.2799999999999       0.999729486406895     
   10.2999999999999       0.999730551695862     
   10.3199999999999       0.999731610581358     
   10.3399999999999       0.999732663313072     
   10.3599999999999       0.999733709840521     
   10.3799999999999       0.999734750212650     
   10.3999999999999       0.999735784377893     
   10.4199999999999       0.999736812584101     
   10.4399999999999       0.999737834778855     
   10.4599999999999       0.999738850909178     
   10.4799999999999       0.999739861221547     
   10.4999999999999       0.999740865562146     
   10.5199999999999       0.999741864176508     
   10.5399999999999       0.999742856910010     
   10.5599999999999       0.999743844007214     
   10.5799999999999       0.999744825312656     
   10.5999999999999       0.999745801070031     
   10.6199999999999       0.999746771123021     
   10.6399999999999       0.999747735714479     
   10.6599999999999       0.999748694687249     
   10.6799999999999       0.999749648283375     
   10.6999999999999       0.999750596444783     
   10.7199999999999       0.999751539112958     
   10.7399999999999       0.999752476428858     
   10.7599999999999       0.999753408433146     
   10.7799999999999       0.999754335265991     
   10.7999999999999       0.999755256767372     
   10.8199999999999       0.999756173076775     
   10.8399999999999       0.999757084333202     
   10.8599999999999       0.999757990375572     
   10.8799999999999       0.999758891442113     
   10.8999999999999       0.999759787370996     
   10.9199999999999       0.999760678299791     
   10.9399999999999       0.999761564265863     
   10.9599999999999       0.999762445306157     
   10.9799999999999       0.999763321557212     
   10.9999999999999       0.999764192855457     
   11.0199999999999       0.999765059336736     
   11.0399999999999       0.999765921036704     
   11.0599999999999       0.999766777990622     
   11.0799999999999       0.999767630333370     
   11.0999999999999       0.999768477799773     
   11.1199999999999       0.999769320823873     
   11.1399999999999       0.999770159139886     
   11.1599999999999       0.999770992881422     
   11.1799999999999       0.999771822081828     
   11.1999999999999       0.999772646774215     
   11.2199999999998       0.999773466991346     
   11.2399999999998       0.999774282765655     
   11.2599999999998       0.999775094129351     
   11.2799999999998       0.999775901114319     
   11.2999999999998       0.999776703752137     
   11.3199999999998       0.999777502074093     
   11.3399999999998       0.999778296111265     
   11.3599999999998       0.999779085894371     
   11.3799999999998       0.999779871453858     
   11.3999999999998       0.999780652819976     
   11.4199999999998       0.999781430022621     
   11.4399999999998       0.999782202991509     
   11.4599999999998       0.999782971955916     
   11.4799999999998       0.999783736845035     
   11.4999999999998       0.999784497687743     
   11.5199999999998       0.999785254512672     
   11.5399999999998       0.999786007348172     
   11.5599999999998       0.999786756222329     
   11.5799999999998       0.999787501163058     
   11.5999999999998       0.999788242097992     
   11.6199999999998       0.999788979254430     
   11.6399999999998       0.999789712559550     
   11.6599999999998       0.999790441940288     
   11.6799999999998       0.999791167623208     
   11.6999999999998       0.999791889534799     
   11.7199999999998       0.999792607701280     
   11.7399999999998       0.999793322048645     
   11.7599999999998       0.999794032802548     
   11.7799999999998       0.999794739888570     
   11.7999999999998       0.999795443232039     
   11.8199999999998       0.999796143057949     
   11.8399999999998       0.999796839291240     
   11.8599999999998       0.999797531856600     
   11.8799999999998       0.999798220978361     
   11.8999999999998       0.999798906580823     
   11.9199999999998       0.999799588588029     
   11.9399999999998       0.999800267223742     
   11.9599999999998       0.999800942311633     
   11.9799999999998       0.999801614075054     
