   0.00000000000000       8.256795394555001E-002
  2.000000000000000E-002  8.258500531190772E-002
  4.000000000000000E-002  8.263618076003541E-002
  6.000000000000000E-002  8.272154438227025E-002
  8.000000000000000E-002  8.284120314503304E-002
  0.100000000000000       8.299530710912013E-002
  0.120000000000000       8.318404973867900E-002
  0.140000000000000       8.340766829882448E-002
  0.160000000000000       8.366644434503122E-002
  0.180000000000000       8.396070430328582E-002
  0.200000000000000       8.429082014391186E-002
  0.220000000000000       8.465721015015001E-002
  0.240000000000000       8.506033978353347E-002
  0.260000000000000       8.550072264816481E-002
  0.280000000000000       8.597892155616990E-002
  0.300000000000000       8.649554969748005E-002
  0.320000000000000       8.705127191524731E-002
  0.340000000000000       8.764680609234399E-002
  0.360000000000000       8.828292464982122E-002
  0.380000000000000       8.896045616248693E-002
  0.400000000000000       8.968028709413474E-002
  0.420000000000000       9.044336365795601E-002
  0.440000000000000       9.125069380486323E-002
  0.460000000000000       9.210334934393256E-002
  0.480000000000000       9.300246820181506E-002
  0.500000000000000       9.394925682246988E-002
  0.520000000000000       9.494499271590155E-002
  0.540000000000000       9.599102715717663E-002
  0.560000000000000       9.708878804468946E-002
  0.580000000000000       9.823978291981399E-002
  0.600000000000000       9.944560215512593E-002
  0.620000000000000       0.100707922316702     
  0.640000000000000       0.102028509703793     
  0.660000000000000       0.103409224074001     
  0.680000000000000       0.104852022556638     
  0.700000000000000       0.106358963760808     
  0.720000000000000       0.107932212080783     
  0.740000000000000       0.109574042204388     
  0.760000000000000       0.111286843825547     
  0.780000000000000       0.113073126567683     
  0.800000000000000       0.114935525112573     
  0.820000000000000       0.116876804541545     
  0.840000000000000       0.118899865885047     
  0.860000000000000       0.121007751875185     
  0.880000000000000       0.123203652901806     
  0.900000000000000       0.125490913158496     
  0.920000000000000       0.127873036971723     
  0.940000000000001       0.130353695297564     
  0.960000000000001       0.132936732368130     
  0.980000000000001       0.135626172464405     
   1.00000000000000       0.138426226789316     
   1.02000000000000       0.141341300400582     
   1.04000000000000       0.144375999170424     
   1.06000000000000       0.147535136713053     
   1.08000000000000       0.150823741222702     
   1.10000000000000       0.154247062158879     
   1.12000000000000       0.157810576679536     
   1.14000000000000       0.161519995740589     
   1.16000000000000       0.165381269742105     
   1.18000000000000       0.169400593583687     
   1.20000000000000       0.173584410992153     
   1.22000000000000       0.177939417932423     
   1.24000000000000       0.182472564912374     
   1.26000000000000       0.187191057951319     
   1.28000000000000       0.192102357954460     
   1.30000000000000       0.197214178208422     
   1.32000000000000       0.202534479654869     
   1.34000000000000       0.208071463602007     
   1.36000000000000       0.213833561431081     
   1.38000000000000       0.219829420887750     
   1.40000000000000       0.226067888408013     
   1.42000000000000       0.232557986974733     
   1.44000000000000       0.239308888892375     
   1.46000000000000       0.246329882817662     
   1.48000000000000       0.253630334399908     
   1.50000000000000       0.261219639757753     
   1.52000000000000       0.269107171058588     
   1.54000000000000       0.277302213402038     
   1.56000000000000       0.285813892233184     
   1.58000000000000       0.294651090457122     
   1.60000000000000       0.303822354579759     
   1.62000000000000       0.313335789120122     
   1.64000000000000       0.323198938763667     
   1.66000000000000       0.333418657804715     
   1.68000000000000       0.344000966682812     
   1.70000000000000       0.354950895571260     
   1.72000000000000       0.366272315507942     
   1.74000000000000       0.377967757719188     
   1.76000000000000       0.390038222479581     
   1.78000000000000       0.402482979302073     
   1.80000000000000       0.415299360986902     
   1.82000000000000       0.428482554657516     
   1.84000000000000       0.442025393847872     
   1.86000000000000       0.455918156411938     
   1.88000000000000       0.470148373894476     
   1.90000000000000       0.484700658767580     
   1.92000000000000       0.499556556720447     
   1.94000000000000       0.514694431519938     
   1.96000000000000       0.530089390669528     
   1.98000000000000       0.545713259597778     
   2.00000000000000       0.561534612409461     
   2.02000000000000       0.577518866038219     
   2.04000000000000       0.593628443448882     
   2.06000000000000       0.609823010088098     
   2.08000000000000       0.626059785499248     
   2.10000000000000       0.642293928877177     
   2.12000000000000       0.658478995712143     
   2.14000000000000       0.674567457211078     
   2.16000000000000       0.690511274100430     
   2.18000000000000       0.706262510054102     
   2.20000000000000       0.721773970015407     
   2.22000000000000       0.736999845268781     
   2.24000000000000       0.751896346309348     
   2.26000000000000       0.766422304514354     
   2.28000000000000       0.780539723582104     
   2.30000000000000       0.794214264737308     
   2.32000000000000       0.807415650442714     
   2.34000000000000       0.820117977210867     
   2.36000000000000       0.832299929126399     
   2.38000000000000       0.843944890514750     
   2.40000000000000       0.855040957560692     
   2.42000000000000       0.865580856037157     
   2.44000000000000       0.875561770725991     
   2.46000000000000       0.884985100337285     
   2.48000000000000       0.893856148614175     
   2.50000000000000       0.902183766676504     
   2.52000000000000       0.909979960821234     
   2.54000000000000       0.917259478814107     
   2.56000000000000       0.924039388803550     
   2.58000000000000       0.930338661133935     
   2.60000000000000       0.936177763818745     
   2.62000000000000       0.941578279083879     
   2.64000000000000       0.946562548228396     
   2.66000000000000       0.951153346758736     
   2.68000000000000       0.955373595720994     
   2.70000000000000       0.959246107601650     
   2.72000000000000       0.962793368964819     
   2.74000000000000       0.966037356613755     
   2.76000000000000       0.968999388538565     
   2.78000000000000       0.971700003890118     
   2.80000000000000       0.974158871735424     
   2.82000000000000       0.976394725021359     
   2.84000000000000       0.978425316465799     
   2.86000000000000       0.980267393427287     
   2.88000000000000       0.981936689339918     
   2.90000000000000       0.983447929173930     
   2.92000000000000       0.984814845438255     
   2.94000000000000       0.986050203971842     
   2.96000000000000       0.987165836517724     
   2.98000000000000       0.988172678447676     
   3.00000000000000       0.989080810457755     
   3.02000000000000       0.989899503705453     
   3.04000000000000       0.990637264543243     
   3.06000000000000       0.991301882210964     
   3.08000000000000       0.991900474494534     
   3.10000000000000       0.992439533425209     
   3.12000000000000       0.992924970459864     
   3.14000000000000       0.993362158744752     
   3.16000000000000       0.993755974885771     
   3.18000000000000       0.994110837783499     
   3.20000000000000       0.994430746135788     
   3.22000000000000       0.994719313355472     
   3.24000000000000       0.994979800528085     
   3.26000000000000       0.995215146771341     
   3.28000000000000       0.995427998117775     
   3.30000000000000       0.995620733898785     
   3.32000000000000       0.995795491246368     
   3.34000000000000       0.995954187800205     
   3.36000000000000       0.996098542172171     
   3.38000000000000       0.996230093244575     
   3.40000000000000       0.996350217971393     
   3.42000000000000       0.996460146696611     
   3.44000000000000       0.996560978156387     
   3.46000000000000       0.996653692633982     
   3.48000000000000       0.996739164124037     
   3.50000000000000       0.996818170836715     
   3.52000000000000       0.996891405761786     
   3.54000000000000       0.996959485199393     
   3.56000000000000       0.997022956967846     
   3.58000000000000       0.997082307819312     
   3.60000000000000       0.997137969585375     
   3.62000000000000       0.997190325753016     
   3.64000000000000       0.997239716349217     
   3.66000000000000       0.997286442825946     
   3.68000000000000       0.997330772340366     
   3.70000000000000       0.997372941587263     
   3.72000000000000       0.997413160227004     
   3.74000000000000       0.997451613837957     
   3.76000000000000       0.997488467085132     
   3.78000000000000       0.997523865392210     
   3.80000000000000       0.997557937982274     
   3.82000000000000       0.997590799044263     
   3.84000000000000       0.997622549773324     
   3.86000000000000       0.997653280220824     
   3.88000000000000       0.997698942689809     
   3.90000000000000       0.997725615175988     
   3.92000000000000       0.997751784184078     
   3.94000000000000       0.997777471688300     
   3.96000000000000       0.997802692627452     
   3.98000000000000       0.997827460271645     
   4.00000000000000       0.997851786580742     
   4.02000000000000       0.997875683257342     
   4.04000000000000       0.997899161355242     
   4.06000000000000       0.997922231312465     
   4.08000000000000       0.997944903304937     
   4.10000000000000       0.997967187268563     
   4.12000000000000       0.997989092481565     
   4.14000000000000       0.998010628127407     
   4.16000000000000       0.998031803091688     
   4.18000000000000       0.998052625757844     
   4.20000000000000       0.998073104565928     
   4.22000000000000       0.998093247260228     
   4.24000000000000       0.998113061774082     
   4.26000000000000       0.998132555475740     
   4.28000000000000       0.998151735724374     
   4.30000000000000       0.998170609442244     
   4.32000000000000       0.998189183560501     
   4.34000000000000       0.998207464699495     
   4.35999999999999       0.998225459285994     
   4.37999999999999       0.998243173560443     
   4.39999999999999       0.998260613474726     
   4.41999999999999       0.998277785135917     
   4.43999999999999       0.998294694266300     
   4.45999999999999       0.998311346209283     
   4.47999999999999       0.998327746481602     
   4.49999999999999       0.998343900451085     
   4.51999999999999       0.998359813123122     
   4.53999999999999       0.998375489582939     
   4.55999999999999       0.998390934563188     
   4.57999999999999       0.998406152776341     
   4.59999999999999       0.998421148919279     
   4.61999999999999       0.998435927349269     
   4.63999999999999       0.998450492525522     
   4.65999999999999       0.998464848575538     
   4.67999999999999       0.998478999736211     
   4.69999999999999       0.998492949920087     
   4.71999999999999       0.998506703155980     
   4.73999999999999       0.998520263155033     
   4.75999999999999       0.998533633751066     
   4.77999999999999       0.998546818575698     
   4.79999999999999       0.998559821170492     
   4.81999999999999       0.998572644771073     
   4.83999999999998       0.998585293075352     
   4.85999999999998       0.998597769152409     
   4.87999999999998       0.998610076319945     
   4.89999999999998       0.998622217709261     
   4.91999999999998       0.998634196267404     
   4.93999999999998       0.998646015087697     
   4.95999999999998       0.998657677083598     
   4.97999999999998       0.998669184990813     
   4.99999999999998       0.998680541697493     
   5.01999999999998       0.998691749917950     
   5.03999999999998       0.998702812303861     
   5.05999999999998       0.998713731336677     
   5.07999999999998       0.998724509657617     
   5.09999999999998       0.998735149741076     
   5.11999999999998       0.998745654005603     
   5.13999999999998       0.998756024706072     
   5.15999999999998       0.998766264263506     
   5.17999999999998       0.998776374938148     
   5.19999999999998       0.998786358940369     
   5.21999999999998       0.998796218322610     
   5.23999999999998       0.998805955418307     
   5.25999999999998       0.998815572077282     
   5.27999999999998       0.998825070432937     
   5.29999999999997       0.998834452465681     
   5.31999999999997       0.998843720113595     
   5.33999999999997       0.998852875163928     
   5.35999999999997       0.998861919692286     
   5.37999999999997       0.998870855187705     
   5.39999999999997       0.998879683757930     
   5.41999999999997       0.998888407035711     
   5.43999999999997       0.998897026727102     
   5.45999999999997       0.998905544393335     
   5.47999999999997       0.998913961889798     
   5.49999999999997       0.998922280600428     
   5.51999999999997       0.998930502204901     
   5.53999999999997       0.998938628241654     
   5.55999999999997       0.998946660108476     
   5.57999999999997       0.998954599501439     
   5.59999999999997       0.998962447758554     
   5.61999999999997       0.998970206189025     
   5.63999999999997       0.998977876292900     
   5.65999999999997       0.998985459433397     
   5.67999999999997       0.998992956946866     
   5.69999999999997       0.999000370143531     
   5.71999999999997       0.999007700198689     
   5.73999999999997       0.999014948591197     
   5.75999999999997       0.999022116337628     
   5.77999999999996       0.999029204759302     
   5.79999999999996       0.999036215154351     
   5.81999999999996       0.999043148469838     
   5.83999999999996       0.999050005959155     
   5.85999999999996       0.999056788744639     
   5.87999999999996       0.999063497927477     
   5.89999999999996       0.999070134478798     
   5.91999999999996       0.999076699678134     
   5.93999999999996       0.999083194347180     
   5.95999999999996       0.999089619617054     
   5.97999999999996       0.999095976599997     
   5.99999999999996       0.999102266061332     
   6.01999999999996       0.999108489076993     
   6.03999999999996       0.999114646595804     
   6.05999999999996       0.999120739549391     
   6.07999999999996       0.999126768852608     
   6.09999999999996       0.999132735294286     
   6.11999999999996       0.999138639975895     
   6.13999999999996       0.999144483544915     
   6.15999999999996       0.999150267071699     
   6.17999999999996       0.999155991173290     
   6.19999999999996       0.999161656780732     
   6.21999999999996       0.999167264701052     
   6.23999999999995       0.999172815836740     
   6.25999999999995       0.999178310747823     
   6.27999999999995       0.999183750309494     
   6.29999999999995       0.999189135164588     
   6.31999999999995       0.999194466271682     
   6.33999999999995       0.999199744248005     
   6.35999999999995       0.999204969698380     
   6.37999999999995       0.999210143544115     
   6.39999999999995       0.999215266256398     
   6.41999999999995       0.999220338733024     
   6.43999999999995       0.999225361422090     
   6.45999999999995       0.999230335089229     
   6.47999999999995       0.999235260379522     
   6.49999999999995       0.999240138036896     
   6.51999999999995       0.999244968466051     
   6.53999999999995       0.999249752280544     
   6.55999999999995       0.999254490412509     
   6.57999999999995       0.999259183126765     
   6.59999999999995       0.999263831007155     
   6.61999999999995       0.999268434847165     
   6.63999999999995       0.999272995102239     
   6.65999999999995       0.999277512218666     
   6.67999999999995       0.999281986962529     
   6.69999999999995       0.999286419652784     
   6.71999999999994       0.999290810928582     
   6.73999999999994       0.999295161420563     
   6.75999999999994       0.999299471422375     
   6.77999999999994       0.999303741548265     
   6.79999999999994       0.999307972294982     
   6.81999999999994       0.999312164261019     
   6.83999999999994       0.999316317598822     
   6.85999999999994       0.999320433220517     
   6.87999999999994       0.999324511154056     
   6.89999999999994       0.999328552187360     
   6.91999999999994       0.999332556662843     
   6.93999999999994       0.999336525025556     
   6.95999999999994       0.999340457713744     
   6.97999999999994       0.999344355049242     
   6.99999999999994       0.999348217676225     
   7.01999999999994       0.999352045793930     
   7.03999999999994       0.999355840033671     
   7.05999999999994       0.999359600582148     
   7.07999999999994       0.999363328058343     
   7.09999999999994       0.999367022636755     
   7.11999999999994       0.999370684814943     
   7.13999999999994       0.999374314974971     
   7.15999999999994       0.999377913602870     
   7.17999999999993       0.999381480850188     
   7.19999999999993       0.999385017191975     
   7.21999999999993       0.999388522988179     
   7.23999999999993       0.999391998593470     
   7.25999999999993       0.999395444357321     
   7.27999999999993       0.999398860624187     
   7.29999999999993       0.999402247733424     
   7.31999999999993       0.999405605909875     
   7.33999999999993       0.999408935702411     
   7.35999999999993       0.999412237326302     
   7.37999999999993       0.999415511101774     
   7.39999999999993       0.999418757344456     
   7.41999999999993       0.999421976255797     
   7.43999999999993       0.999425168361824     
   7.45999999999993       0.999428333745540     
   7.47999999999993       0.999431472814707     
   7.49999999999993       0.999434585972773     
   7.51999999999993       0.999437673290207     
   7.53999999999993       0.999440735271971     
   7.55999999999993       0.999443771980415     
   7.57999999999993       0.999446783802944     
   7.59999999999993       0.999449771013457     
   7.61999999999993       0.999452733991679     
   7.63999999999993       0.999455672784658     
   7.65999999999992       0.999458587764746     
   7.67999999999992       0.999461479191023     
   7.69999999999992       0.999464347319021     
   7.71999999999992       0.999467192400782     
   7.73999999999992       0.999470014684918     
   7.75999999999992       0.999472814416666     
   7.77999999999992       0.999475591837941     
   7.79999999999992       0.999478347187395     
   7.81999999999992       0.999481080700468     
   7.83999999999992       0.999483792499779     
   7.85999999999992       0.999486483033816     
   7.87999999999992       0.999489152419021     
   7.89999999999992       0.999491800768828     
   7.91999999999992       0.999494428522712     
   7.93999999999992       0.999497035788258     
   7.95999999999992       0.999499622670151     
   7.97999999999992       0.999502189599237     
   7.99999999999992       0.999504736564942     
   8.01999999999992       0.999507263992672     
   8.03999999999992       0.999509771866402     
   8.05999999999992       0.999512260496522     
   8.07999999999992       0.999514730190755     
   8.09999999999992       0.999517180925303     
   8.11999999999992       0.999519613002858     
   8.13999999999992       0.999522026723578     
   8.15999999999991       0.999524422056190     
   8.17999999999991       0.999526799296062     
   8.19999999999991       0.999529158626433     
   8.21999999999991       0.999531500228311     
   8.23999999999991       0.999533824280322     
   8.25999999999991       0.999536131068544     
   8.27999999999991       0.999538420547781     
   8.29999999999991       0.999540692890041     
   8.31999999999991       0.999542948594109     
   8.33999999999991       0.999545187389004     
   8.35999999999991       0.999547409769313     
   8.37999999999991       0.999549615788894     
   8.39999999999991       0.999551805609218     
   8.41999999999991       0.999553979389784     
   8.43999999999991       0.999556137288116     
   8.45999999999991       0.999558279459740     
   8.47999999999991       0.999560405948655     
   8.49999999999991       0.999562517125970     
   8.51999999999991       0.999564613031947     
   8.53999999999991       0.999566693814614     
   8.55999999999991       0.999568759510584     
   8.57999999999991       0.999570810374044     
   8.59999999999991       0.999572846657379     
   8.61999999999991       0.999574868391994     
   8.63999999999990       0.999576875607433     
   8.65999999999990       0.999578868660787     
   8.67999999999990       0.999580847468612     
   8.69999999999990       0.999582812384691     
   8.71999999999990       0.999584763322380     
   8.73999999999990       0.999586700632229     
   8.75999999999990       0.999588624224490     
   8.77999999999990       0.999590534336935     
   8.79999999999990       0.999592431205806     
   8.81999999999990       0.999594314736814     
   8.83999999999990       0.999596185163252     
   8.85999999999990       0.999598042607245     
   8.87999999999990       0.999599887189566     
   8.89999999999990       0.999601719029505     
   8.91999999999990       0.999603538354656     
   8.93999999999990       0.999605345062226     
   8.95999999999990       0.999607139377096     
   8.97999999999990       0.999608921413135     
   8.99999999999990       0.999610691282876     
   9.01999999999990       0.999612449097620     
   9.03999999999990       0.999614194967336     
   9.05999999999990       0.999615929000757     
   9.07999999999990       0.999617651305330     
   9.09999999999989       0.999619361987344     
   9.11999999999989       0.999621061151852     
   9.13999999999989       0.999622748902693     
   9.15999999999989       0.999624425342557     
   9.17999999999989       0.999626090463249     
   9.19999999999989       0.999627744694252     
   9.21999999999989       0.999629387696024     
   9.23999999999989       0.999631019895798     
   9.25999999999989       0.999632641280931     
   9.27999999999989       0.999634251837650     
   9.29999999999989       0.999635851880242     
   9.31999999999989       0.999637441392872     
   9.33999999999989       0.999639020358595     
   9.35999999999989       0.999640589088598     
   9.37999999999989       0.999642147563938     
   9.39999999999989       0.999643695764636     
   9.41999999999989       0.999645233998890     
   9.43999999999989       0.999646762244816     
   9.45999999999989       0.999648280479510     
   9.47999999999989       0.999649789008295     
   9.49999999999989       0.999651287696694     
   9.51999999999989       0.999652776848171     
   9.53999999999989       0.999654256326411     
   9.55999999999989       0.999655726433082     
   9.57999999999988       0.999657187030064     
   9.59999999999988       0.999658638307574     
   9.61999999999988       0.999660080345178     
   9.63999999999988       0.999661513331324     
   9.65999999999988       0.999662937124493     
   9.67999999999988       0.999664351911498     
   9.69999999999988       0.999665757878262     
   9.71999999999988       0.999667154880817     
   9.73999999999988       0.999668543103537     
   9.75999999999988       0.999669922729959     
   9.77999999999988       0.999671293613736     
   9.79999999999988       0.999672655936887     
   9.81999999999988       0.999674009770973     
   9.83999999999988       0.999675355186762     
   9.85999999999988       0.999676692254321     
   9.87999999999988       0.999678021152678     
   9.89999999999988       0.999679341731002     
   9.91999999999988       0.999680654166907     
   9.93999999999988       0.999681958527566     
   9.95999999999988       0.999683254879503     
   9.97999999999988       0.999684543288462     
   9.99999999999988       0.999685823819598     
   10.0199999999999       0.999687096537355     
   10.0399999999999       0.999688361505569     
   10.0599999999999       0.999689618787310     
   10.0799999999999       0.999690868445108     
   10.0999999999999       0.999692110540821     
   10.1199999999999       0.999693345135677     
   10.1399999999999       0.999694572180573     
   10.1599999999999       0.999695791954914     
   10.1799999999999       0.999697004408382     
   10.1999999999999       0.999698209599780     
   10.2199999999999       0.999699407587268     
   10.2399999999999       0.999700598428477     
   10.2599999999999       0.999701782070727     
   10.2799999999999       0.999702958789896     
   10.2999999999999       0.999704128532180     
   10.3199999999999       0.999705291243226     
   10.3399999999999       0.999706447197202     
   10.3599999999999       0.999707596338673     
   10.3799999999999       0.999708738721383     
   10.3999999999999       0.999709874288706     
   10.4199999999999       0.999711003312795     
   10.4399999999999       0.999712125736090     
   10.4599999999999       0.999713241500416     
   10.4799999999999       0.999714350876417     
   10.4999999999999       0.999715453695194     
   10.5199999999999       0.999716550226352     
   10.5399999999999       0.999717640300106     
   10.5599999999999       0.999718724184997     
   10.5799999999999       0.999719801710315     
   10.5999999999999       0.999720873143648     
   10.6199999999999       0.999721938313350     
   10.6399999999999       0.999722997486085     
   10.6599999999999       0.999724050489286     
   10.6799999999999       0.999725097588729     
   10.6999999999999       0.999726138720642     
   10.7199999999999       0.999727173820774     
   10.7399999999999       0.999728203043901     
   10.7599999999999       0.999729226434674     
   10.7799999999999       0.999730244147002     
   10.7999999999999       0.999731256005173     
   10.8199999999999       0.999732262162349     
   10.8399999999999       0.999733262771161     
   10.8599999999999       0.999734257654731     
   10.8799999999999       0.999735247074646     
   10.8999999999999       0.999736230853208     
   10.9199999999999       0.999737209141473     
   10.9399999999999       0.999738181980471     
   10.9599999999999       0.999739149410767     
   10.9799999999999       0.999740111582287     
   10.9999999999999       0.999741068315422     
   11.0199999999999       0.999742019759332     
   11.0399999999999       0.999742965953169     
   11.0599999999999       0.999743906935649     
   11.0799999999999       0.999744842854878     
   11.0999999999999       0.999745773419677     
   11.1199999999999       0.999746699106648     
   11.1399999999999       0.999747619623944     
   11.1599999999999       0.999748535118274     
   11.1799999999999       0.999749445626256     
   11.1999999999999       0.999750351184245     
   11.2199999999998       0.999751251828216     
   11.2399999999998       0.999752147593783     
   11.2599999999998       0.999753038516311     
   11.2799999999998       0.999753924630812     
   11.2999999999998       0.999754805971958     
   11.3199999999998       0.999755682574105     
   11.3399999999998       0.999756554471377     
   11.3599999999998       0.999757421697503     
   11.3799999999998       0.999758284285916     
   11.3999999999998       0.999759142269829     
   11.4199999999998       0.999759995682071     
   11.4399999999998       0.999760844445463     
   11.4599999999998       0.999761688811764     
   11.4799999999998       0.999762528703222     
   11.4999999999998       0.999763364151545     
   11.5199999999998       0.999764195188172     
   11.5399999999998       0.999765021844230     
   11.5599999999998       0.999765844150562     
   11.5799999999998       0.999766662137817     
   11.5999999999998       0.999767475726532     
   11.6199999999998       0.999768285166292     
   11.6399999999998       0.999769090377135     
   11.6599999999998       0.999769891278832     
   11.6799999999998       0.999770688120161     
   11.6999999999998       0.999771480820403     
   11.7199999999998       0.999772269408347     
   11.7399999999998       0.999773053802729     
   11.7599999999998       0.999773834251331     
   11.7799999999998       0.999774610672433     
   11.7999999999998       0.999775382984043     
   11.8199999999998       0.999776151433215     
   11.8399999999998       0.999776915937529     
   11.8599999999998       0.999777676414286     
   11.8799999999998       0.999778433109817     
   11.8999999999998       0.999779185940996     
   11.9199999999998       0.999779934824419     
   11.9399999999998       0.999780680005789     
   11.9599999999998       0.999781421291487     
   11.9799999999998       0.999782158926764     
