   0.00000000000000       0.268648589490899     
  2.000000000000000E-002  0.268701518024912     
  4.000000000000000E-002  0.268860356389927     
  6.000000000000000E-002  0.269125262902201     
  8.000000000000000E-002  0.269496501497720     
  0.100000000000000       0.269974441847012     
  0.120000000000000       0.270559559511247     
  0.140000000000000       0.271252436133044     
  0.160000000000000       0.272053759663342     
  0.180000000000000       0.272964324610812     
  0.200000000000000       0.273985032310455     
  0.220000000000000       0.275116891200179     
  0.240000000000000       0.276361017094882     
  0.260000000000000       0.277718633445436     
  0.280000000000000       0.279191071567972     
  0.300000000000000       0.280779770828975     
  0.320000000000000       0.282486278763202     
  0.340000000000000       0.284312251111281     
  0.360000000000000       0.286259451746618     
  0.380000000000000       0.288329752471094     
  0.400000000000000       0.290525132647471     
  0.420000000000000       0.292847678641820     
  0.440000000000000       0.295299583036803     
  0.460000000000000       0.297883143576965     
  0.480000000000000       0.300600761810819     
  0.500000000000000       0.303454941373167     
  0.520000000000000       0.306448285868487     
  0.540000000000000       0.309583496288742     
  0.560000000000000       0.312863367916955     
  0.580000000000000       0.316290786641928     
  0.600000000000000       0.319868724619158     
  0.620000000000000       0.323600235202359     
  0.640000000000000       0.327488447057924     
  0.660000000000000       0.331536557383544     
  0.680000000000000       0.335747824130718     
  0.700000000000000       0.340125557137504     
  0.720000000000000       0.344673108061549     
  0.740000000000000       0.349393859009162     
  0.760000000000000       0.354291209739739     
  0.780000000000000       0.359368563339363     
  0.800000000000000       0.364629310222274     
  0.820000000000000       0.370076810355830     
  0.840000000000000       0.375714373577154     
  0.860000000000000       0.381545237872477     
  0.880000000000000       0.387572545516444     
  0.900000000000000       0.393799316942502     
  0.920000000000000       0.400228422252524     
  0.940000000000001       0.406862550272516     
  0.960000000000001       0.413704175083773     
  0.980000000000001       0.420755519979822     
   1.00000000000000       0.428018518834467     
   1.02000000000000       0.435494774879887     
   1.04000000000000       0.443185516973668     
   1.06000000000000       0.451091553435605     
   1.08000000000000       0.459213223621466     
   1.10000000000000       0.467550347476172     
   1.12000000000000       0.476102173322885     
   1.14000000000000       0.484867324303951     
   1.16000000000000       0.493843743921787     
   1.18000000000000       0.503028641224392     
   1.20000000000000       0.512418436328358     
   1.22000000000000       0.522008707006349     
   1.24000000000000       0.531794137229340     
   1.26000000000000       0.541768468626009     
   1.28000000000000       0.551924455927847     
   1.30000000000000       0.562253827569895     
   1.32000000000000       0.572747252647148     
   1.34000000000000       0.583394315567850     
   1.36000000000000       0.594183499652448     
   1.38000000000000       0.605102181078668     
   1.40000000000000       0.616136634354737     
   1.42000000000000       0.627272050603818     
   1.44000000000000       0.638492569700684     
   1.46000000000000       0.649781327129900     
   1.48000000000000       0.661120516310883     
   1.50000000000000       0.672491466713829     
   1.52000000000000       0.683874737890548     
   1.54000000000000       0.695250229110798     
   1.56000000000000       0.706597303947358     
   1.58000000000000       0.717894928646741     
   1.60000000000000       0.729121822859858     
   1.62000000000000       0.740256620694409     
   1.64000000000000       0.751278039826005     
   1.66000000000000       0.762165055968588     
   1.68000000000000       0.772897079787600     
   1.70000000000000       0.783454133020771     
   1.72000000000000       0.793817020669289     
   1.74000000000000       0.803967495855813     
   1.76000000000000       0.813888414252667     
   1.78000000000000       0.823563875065273     
   1.80000000000000       0.832979345931206     
   1.82000000000000       0.842121769387980     
   1.84000000000000       0.850979649151342     
   1.86000000000000       0.859543114874532     
   1.88000000000000       0.867803964649451     
   1.90000000000000       0.875755685061065     
   1.92000000000000       0.883393449204018     
   1.94000000000000       0.890714093468932     
   1.96000000000000       0.897716074575384     
   1.98000000000000       0.904399408451904     
   2.00000000000000       0.910765593193713     
   2.02000000000000       0.916817518333764     
   2.04000000000000       0.922559362849795     
   2.06000000000000       0.927996484496734     
   2.08000000000000       0.933135302984961     
   2.10000000000000       0.937983179284345     
   2.12000000000000       0.942548293618330     
   2.14000000000000       0.946839523808313     
   2.16000000000000       0.950866326336308     
   2.18000000000000       0.954638621263911     
   2.20000000000000       0.958166682645321     
   2.22000000000000       0.961461035403170     
   2.24000000000000       0.964532359497712     
   2.26000000000000       0.967391402018398     
   2.28000000000000       0.970048897445443     
   2.30000000000000       0.972515496396622     
   2.32000000000000       0.974801702631482     
   2.34000000000000       0.976917818408964     
   2.36000000000000       0.978873897648610     
   2.38000000000000       0.980679706735162     
   2.40000000000000       0.982344692273510     
   2.42000000000000       0.983877955616890     
   2.44000000000000       0.985288233201603     
   2.46000000000000       0.986583882557678     
   2.48000000000000       0.987772873112226     
   2.50000000000000       0.988862781401432     
   2.52000000000000       0.989860790148493     
   2.54000000000000       0.990773690592611     
   2.56000000000000       0.991607887750224     
   2.58000000000000       0.992369408003504     
   2.60000000000000       0.993063908723822     
   2.62000000000000       0.993696689481947     
   2.64000000000000       0.994272704637376     
   2.66000000000000       0.994796576725063     
   2.68000000000000       0.995272610749844     
   2.70000000000000       0.995704808819681     
   2.72000000000000       0.996096885162150     
   2.74000000000000       0.996452281099388     
   2.76000000000000       0.996774180168093     
   2.78000000000000       0.997065522878700     
   2.80000000000000       0.997329021280465     
   2.82000000000000       0.997567173171224     
   2.84000000000000       0.997782275850680     
   2.86000000000000       0.997976439363779     
   2.88000000000000       0.998151599237684     
   2.90000000000000       0.998309528694587     
   2.92000000000000       0.998451850212424     
   2.94000000000000       0.998580046575954     
   2.96000000000000       0.998695471305997     
   2.98000000000000       0.998799358480407     
   3.00000000000000       0.998892831987600     
   3.02000000000000       0.998976914301234     
   3.04000000000000       0.999052534506692     
   3.06000000000000       0.999120536035153     
   3.08000000000000       0.999181683687166     
   3.10000000000000       0.999236670240729     
   3.12000000000000       0.999286122655423     
   3.14000000000000       0.999330607687277     
   3.16000000000000       0.999370637211595     
   3.18000000000000       0.999406673046920     
   3.20000000000000       0.999439131478619     
   3.22000000000000       0.999468387384132     
   3.24000000000000       0.999494778047964     
   3.26000000000000       0.999518606622050     
   3.28000000000000       0.999540145361963     
   3.30000000000000       0.999559638549279     
   3.32000000000000       0.999577305173985     
   3.34000000000000       0.999593341395139     
   3.36000000000000       0.999607922742176     
   3.38000000000000       0.999621206171936     
   3.40000000000000       0.999633331952998     
   3.42000000000000       0.999644425281999     
   3.44000000000000       0.999654597854102     
   3.46000000000000       0.999663949235713     
   3.48000000000000       0.999672568128160     
   3.50000000000000       0.999680533456600     
   3.52000000000000       0.999687915459055     
   3.54000000000000       0.999694776565655     
   3.56000000000000       0.999701172241511     
   3.58000000000000       0.999707151746646     
   3.60000000000000       0.999712758765459     
   3.62000000000000       0.999718032077529     
   3.64000000000000       0.999723006056396     
   3.66000000000000       0.999727711167082     
   3.68000000000000       0.999732174401630     
   3.70000000000000       0.999736419668688     
   3.72000000000000       0.999740468141673     
   3.74000000000000       0.999744338558484     
   3.76000000000000       0.999748047542507     
   3.78000000000000       0.999751609772610     
   3.80000000000000       0.999755038290576     
   3.82000000000000       0.999758344619653     
   3.84000000000000       0.999761538970848     
   3.86000000000000       0.999764630429873     
   3.88000000000000       0.999769223594418     
   3.90000000000000       0.999771906320598     
   3.92000000000000       0.999774538230769     
   3.94000000000000       0.999777121544819     
   3.96000000000000       0.999779657774412     
   3.98000000000000       0.999782148262872     
   4.00000000000000       0.999784594221285     
   4.02000000000000       0.999786996834427     
   4.04000000000000       0.999789357221415     
   4.06000000000000       0.999791676439064     
   4.08000000000000       0.999793955517468     
   4.10000000000000       0.999796195462235     
   4.12000000000000       0.999798397212527     
   4.14000000000000       0.999800561697662     
   4.16000000000000       0.999802689816718     
   4.18000000000000       0.999804782418010     
   4.20000000000000       0.999806840355274     
   4.22000000000000       0.999808864412061     
   4.24000000000000       0.999810855390672     
   4.26000000000000       0.999812814036386     
   4.28000000000000       0.999814741093345     
   4.30000000000000       0.999816637261577     
   4.32000000000000       0.999818503241796     
   4.34000000000000       0.999820339703295     
   4.35999999999999       0.999822147295730     
   4.37999999999999       0.999823926649862     
   4.39999999999999       0.999825678367293     
   4.41999999999999       0.999827403065050     
   4.43999999999999       0.999829101321350     
   4.45999999999999       0.999830773676208     
   4.47999999999999       0.999832420686904     
   4.49999999999999       0.999834042895625     
   4.51999999999999       0.999835640808026     
   4.53999999999999       0.999837214937652     
   4.55999999999999       0.999838765762525     
   4.57999999999999       0.999840293758522     
   4.59999999999999       0.999841799399843     
   4.61999999999999       0.999843283126481     
   4.63999999999999       0.999844745388564     
   4.65999999999999       0.999846186602816     
   4.67999999999999       0.999847607196849     
   4.69999999999999       0.999849007565623     
   4.71999999999999       0.999850388115681     
   4.73999999999999       0.999851749221595     
   4.75999999999999       0.999853091270169     
   4.77999999999999       0.999854414627833     
   4.79999999999999       0.999855719651903     
   4.81999999999999       0.999857006668918     
   4.83999999999998       0.999858276051744     
   4.85999999999998       0.999859528110069     
   4.87999999999998       0.999860763178471     
   4.89999999999998       0.999861981572755     
   4.91999999999998       0.999863183590182     
   4.93999999999998       0.999864369542630     
   4.95999999999998       0.999865539723875     
   4.97999999999998       0.999866694409803     
   4.99999999999998       0.999867833891547     
   5.01999999999998       0.999868958442745     
   5.03999999999998       0.999870068330704     
   5.05999999999998       0.999871163805608     
   5.07999999999998       0.999872245133623     
   5.09999999999998       0.999873312564138     
   5.11999999999998       0.999874366340896     
   5.13999999999998       0.999875406691182     
   5.15999999999998       0.999876433858911     
   5.17999999999998       0.999877448071829     
   5.19999999999998       0.999878449552646     
   5.21999999999998       0.999879438508194     
   5.23999999999998       0.999880415173459     
   5.25999999999998       0.999881379734886     
   5.27999999999998       0.999882332407330     
   5.29999999999997       0.999883273390273     
   5.31999999999997       0.999884202878921     
   5.33999999999997       0.999885121053327     
   5.35999999999997       0.999886028122434     
   5.37999999999997       0.999886924236331     
   5.39999999999997       0.999887809607135     
   5.41999999999997       0.999888684399297     
   5.43999999999997       0.999889548784599     
   5.45999999999997       0.999890402920277     
   5.47999999999997       0.999891246993041     
   5.49999999999997       0.999892081142304     
   5.51999999999997       0.999892905537115     
   5.53999999999997       0.999893720332339     
   5.55999999999997       0.999894525668717     
   5.57999999999997       0.999895321716883     
   5.59999999999997       0.999896108611547     
   5.61999999999997       0.999896886484516     
   5.63999999999997       0.999897655486713     
   5.65999999999997       0.999898415755325     
   5.67999999999997       0.999899167424831     
   5.69999999999997       0.999899910627072     
   5.71999999999997       0.999900645480350     
   5.73999999999997       0.999901372133382     
   5.75999999999997       0.999902090688529     
   5.77999999999996       0.999902801278686     
   5.79999999999996       0.999903504034411     
   5.81999999999996       0.999904199051057     
   5.83999999999996       0.999904886454671     
   5.85999999999996       0.999905566358149     
   5.87999999999996       0.999906238872257     
   5.89999999999996       0.999906904094713     
   5.91999999999996       0.999907562154135     
   5.93999999999996       0.999908213133241     
   5.95999999999996       0.999908857145749     
   5.97999999999996       0.999909494303480     
   5.99999999999996       0.999910124683469     
   6.01999999999996       0.999910748393875     
   6.03999999999996       0.999911365530108     
   6.05999999999996       0.999911976185845     
   6.07999999999996       0.999912580453072     
   6.09999999999996       0.999913178411137     
   6.11999999999996       0.999913770170714     
   6.13999999999996       0.999914355796968     
   6.15999999999996       0.999914935397435     
   6.17999999999996       0.999915509034216     
   6.19999999999996       0.999916076800872     
   6.21999999999996       0.999916638778527     
   6.23999999999995       0.999917195057865     
   6.25999999999995       0.999917745695246     
   6.27999999999995       0.999918290778605     
   6.29999999999995       0.999918830372584     
   6.31999999999995       0.999919364573463     
   6.33999999999995       0.999919893443306     
   6.35999999999995       0.999920417042931     
   6.37999999999995       0.999920935464862     
   6.39999999999995       0.999921448756514     
   6.41999999999995       0.999921957008042     
   6.43999999999995       0.999922460264539     
   6.45999999999995       0.999922958602905     
   6.47999999999995       0.999923452087961     
   6.49999999999995       0.999923940794423     
   6.51999999999995       0.999924424763014     
   6.53999999999995       0.999924904055381     
   6.55999999999995       0.999925378765082     
   6.57999999999995       0.999925848918813     
   6.59999999999995       0.999926314575230     
   6.61999999999995       0.999926775813986     
   6.63999999999995       0.999927232680863     
   6.65999999999995       0.999927685220724     
   6.67999999999995       0.999928133510463     
   6.69999999999995       0.999928577582179     
   6.71999999999994       0.999929017500042     
   6.73999999999994       0.999929453327368     
   6.75999999999994       0.999929885093707     
   6.77999999999994       0.999930312860726     
   6.79999999999994       0.999930736678316     
   6.81999999999994       0.999931156606557     
   6.83999999999994       0.999931572660844     
   6.85999999999994       0.999931984932667     
   6.87999999999994       0.999932393424946     
   6.89999999999994       0.999932798216722     
   6.91999999999994       0.999933199342408     
   6.93999999999994       0.999933596846695     
   6.95999999999994       0.999933990773590     
   6.97999999999994       0.999934381155437     
   6.99999999999994       0.999934768056863     
   7.01999999999994       0.999935151497928     
   7.03999999999994       0.999935531541964     
   7.05999999999994       0.999935908207772     
   7.07999999999994       0.999936281557444     
   7.09999999999994       0.999936651608553     
   7.11999999999994       0.999937018411026     
   7.13999999999994       0.999937382003219     
   7.15999999999994       0.999937742433901     
   7.17999999999993       0.999938099718337     
   7.19999999999993       0.999938453904190     
   7.21999999999993       0.999938805027594     
   7.23999999999993       0.999939153124152     
   7.25999999999993       0.999939498228944     
   7.27999999999993       0.999939840376547     
   7.29999999999993       0.999940179601024     
   7.31999999999993       0.999940515924967     
   7.33999999999993       0.999940849403421     
   7.35999999999993       0.999941180058016     
   7.37999999999993       0.999941507920892     
   7.39999999999993       0.999941833023728     
   7.41999999999993       0.999942155386767     
   7.43999999999993       0.999942475062753     
   7.45999999999993       0.999942792060066     
   7.47999999999993       0.999943106419603     
   7.49999999999993       0.999943418181830     
   7.51999999999993       0.999943727353865     
   7.53999999999993       0.999944033986337     
   7.55999999999993       0.999944338085548     
   7.57999999999993       0.999944639690352     
   7.59999999999993       0.999944938828232     
   7.61999999999993       0.999945235537270     
   7.63999999999993       0.999945529822233     
   7.65999999999992       0.999945821720459     
   7.67999999999992       0.999946111257946     
   7.69999999999992       0.999946398460332     
   7.71999999999992       0.999946683352906     
   7.73999999999992       0.999946965960614     
   7.75999999999992       0.999947246308060     
   7.77999999999992       0.999947524419515     
   7.79999999999992       0.999947800318924     
   7.81999999999992       0.999948074029908     
   7.83999999999992       0.999948345564790     
   7.85999999999992       0.999948614968521     
   7.87999999999992       0.999948882252804     
   7.89999999999992       0.999949147429041     
   7.91999999999992       0.999949410541276     
   7.93999999999992       0.999949671600325     
   7.95999999999992       0.999949930616708     
   7.97999999999992       0.999950187633605     
   7.99999999999992       0.999950442649995     
   8.01999999999992       0.999950695708512     
   8.03999999999992       0.999950946807588     
   8.05999999999992       0.999951195978338     
   8.07999999999992       0.999951443251607     
   8.09999999999992       0.999951688625050     
   8.11999999999992       0.999951932129007     
   8.13999999999992       0.999952173793564     
   8.15999999999991       0.999952413615625     
   8.17999999999991       0.999952651624795     
   8.19999999999991       0.999952887839452     
   8.21999999999991       0.999953122277751     
   8.23999999999991       0.999953354957607     
   8.25999999999991       0.999953585907691     
   8.27999999999991       0.999953815123511     
   8.29999999999991       0.999954042622315     
   8.31999999999991       0.999954268454071     
   8.33999999999991       0.999954492591677     
   8.35999999999991       0.999954715084678     
   8.37999999999991       0.999954935938492     
   8.39999999999991       0.999955155169314     
   8.41999999999991       0.999955372793137     
   8.43999999999991       0.999955588825759     
   8.45999999999991       0.999955803282774     
   8.47999999999991       0.999956016168615     
   8.49999999999991       0.999956227520457     
   8.51999999999991       0.999956437342357     
   8.53999999999991       0.999956645649156     
   8.55999999999991       0.999956852444546     
   8.57999999999991       0.999957057753995     
   8.59999999999991       0.999957261602792     
   8.61999999999991       0.999957463994104     
   8.63999999999990       0.999957664930911     
   8.65999999999990       0.999957864448982     
   8.67999999999990       0.999958062539985     
   8.69999999999990       0.999958259239358     
   8.71999999999990       0.999958454538446     
   8.73999999999990       0.999958648472364     
   8.75999999999990       0.999958841032146     
   8.77999999999990       0.999959032241615     
   8.79999999999990       0.999959222124438     
   8.81999999999990       0.999959410671197     
   8.83999999999990       0.999959597905263     
   8.85999999999990       0.999959783838879     
   8.87999999999990       0.999959968484155     
   8.89999999999990       0.999960151853048     
   8.91999999999990       0.999960333968359     
   8.93999999999990       0.999960514819815     
   8.95999999999990       0.999960694429944     
   8.97999999999990       0.999960872810161     
   8.99999999999990       0.999961049971748     
   9.01999999999990       0.999961225925861     
   9.03999999999990       0.999961400683525     
   9.05999999999990       0.999961574255638     
   9.07999999999990       0.999961746652972     
   9.09999999999989       0.999961917886181     
   9.11999999999989       0.999962087965795     
   9.13999999999989       0.999962256902224     
   9.15999999999989       0.999962424705760     
   9.17999999999989       0.999962591375598     
   9.19999999999989       0.999962756954740     
   9.21999999999989       0.999962921409215     
   9.23999999999989       0.999963084781800     
   9.25999999999989       0.999963247071242     
   9.27999999999989       0.999963408276176     
   9.29999999999989       0.999963568428073     
   9.31999999999989       0.999963727525361     
   9.33999999999989       0.999963885566357     
   9.35999999999989       0.999964042582220     
   9.37999999999989       0.999964198571066     
   9.39999999999989       0.999964353530908     
   9.41999999999989       0.999964507492605     
   9.43999999999989       0.999964660453979     
   9.45999999999989       0.999964812412748     
   9.47999999999989       0.999964963399484     
   9.49999999999989       0.999965113400739     
   9.51999999999989       0.999965262446895     
   9.53999999999989       0.999965410524322     
   9.55999999999989       0.999965557663222     
   9.57999999999988       0.999965703849782     
   9.59999999999988       0.999965849103051     
   9.61999999999988       0.999965993431003     
   9.63999999999988       0.999966136852508     
   9.65999999999988       0.999966279353413     
   9.67999999999988       0.999966420952424     
   9.69999999999988       0.999966561668159     
   9.71999999999988       0.999966701486219     
   9.73999999999988       0.999966840425067     
   9.75999999999988       0.999966978503079     
   9.77999999999988       0.999967115705619     
   9.79999999999988       0.999967252050913     
   9.81999999999988       0.999967387546131     
   9.83999999999988       0.999967522198365     
   9.85999999999988       0.999967656014635     
   9.87999999999988       0.999967789012869     
   9.89999999999988       0.999967921177977     
   9.91999999999988       0.999968052527746     
   9.93999999999988       0.999968183068904     
   9.95999999999988       0.999968312808119     
   9.97999999999988       0.999968441751978     
   9.99999999999988       0.999968569907008     
   10.0199999999999       0.999968697279668     
   10.0399999999999       0.999968823876353     
   10.0599999999999       0.999968949703383     
   10.0799999999999       0.999969074767023     
   10.0999999999999       0.999969199073471     
   10.1199999999999       0.999969322628862     
   10.1399999999999       0.999969445428288     
   10.1599999999999       0.999969567499719     
   10.1799999999999       0.999969688838125     
   10.1999999999999       0.999969809449398     
   10.2199999999999       0.999969929339366     
   10.2399999999999       0.999970048513802     
   10.2599999999999       0.999970166967440     
   10.2799999999999       0.999970284727896     
   10.2999999999999       0.999970401789792     
   10.3199999999999       0.999970518147693     
   10.3399999999999       0.999970633829045     
   10.3599999999999       0.999970748828304     
   10.3799999999999       0.999970863150855     
   10.3999999999999       0.999970976791039     
   10.4199999999999       0.999971089776094     
   10.4399999999999       0.999971202100267     
   10.4599999999999       0.999971313757742     
   10.4799999999999       0.999971424775608     
   10.4999999999999       0.999971535136969     
   10.5199999999999       0.999971644868810     
   10.5399999999999       0.999971753954145     
   10.5599999999999       0.999971862419854     
   10.5799999999999       0.999971970248857     
   10.5999999999999       0.999972077467939     
   10.6199999999999       0.999972184059927     
   10.6399999999999       0.999972290051511     
   10.6599999999999       0.999972395425428     
   10.6799999999999       0.999972500208278     
   10.6999999999999       0.999972604393685     
   10.7199999999999       0.999972707975224     
   10.7399999999999       0.999972810968387     
   10.7599999999999       0.999972913377648     
   10.7799999999999       0.999973015218412     
   10.7999999999999       0.999973116473101     
   10.8199999999999       0.999973217157046     
   10.8399999999999       0.999973317285524     
   10.8599999999999       0.999973416840840     
   10.8799999999999       0.999973515849174     
   10.8999999999999       0.999973614292749     
   10.9199999999999       0.999973712186686     
   10.9399999999999       0.999973809535093     
   10.9599999999999       0.999973906342033     
   10.9799999999999       0.999974002622514     
   10.9999999999999       0.999974098358567     
   11.0199999999999       0.999974193565120     
   11.0399999999999       0.999974288246096     
   11.0599999999999       0.999974382405373     
   11.0799999999999       0.999974476057773     
   11.0999999999999       0.999974569174166     
   11.1199999999999       0.999974661802244     
   11.1399999999999       0.999974753912808     
   11.1599999999999       0.999974845520542     
   11.1799999999999       0.999974936629114     
   11.1999999999999       0.999975027242164     
   11.2199999999998       0.999975117363296     
   11.2399999999998       0.999975206996076     
   11.2599999999998       0.999975296144048     
   11.2799999999998       0.999975384810717     
   11.2999999999998       0.999975472999556     
   11.3199999999998       0.999975560714007     
   11.3399999999998       0.999975647957485     
   11.3599999999998       0.999975734733371     
   11.3799999999998       0.999975821045012     
   11.3999999999998       0.999975906895734     
   11.4199999999998       0.999975992288825     
   11.4399999999998       0.999976077216567     
   11.4599999999998       0.999976161704152     
   11.4799999999998       0.999976245743804     
   11.4999999999998       0.999976329338698     
   11.5199999999998       0.999976412491983     
   11.5399999999998       0.999976495206777     
   11.5599999999998       0.999976577486168     
   11.5799999999998       0.999976659333225     
   11.5999999999998       0.999976740740000     
   11.6199999999998       0.999976821731470     
   11.6399999999998       0.999976902299635     
   11.6599999999998       0.999976982436472     
   11.6799999999998       0.999977062166873     
   11.6999999999998       0.999977141482767     
   11.7199999999998       0.999977220387035     
   11.7399999999998       0.999977298871549     
   11.7599999999998       0.999977376961103     
   11.7799999999998       0.999977454647525     
   11.7999999999998       0.999977531922611     
   11.8199999999998       0.999977608811084     
   11.8399999999998       0.999977685304700     
   11.8599999999998       0.999977761395185     
   11.8799999999998       0.999977837107190     
   11.8999999999998       0.999977912432400     
   11.9199999999998       0.999977987362471     
   11.9399999999998       0.999978061921990     
   11.9599999999998       0.999978136091585     
   11.9799999999998       0.999978209895799     
